5.376346305939999 5.376346305939999 7.381013
-0.288351392365 -0.288351392365 1.6318201
-2.255982902945 -2.255982902945 -1.5063043
-1.532631607985 -1.532631607985 -1.3943332
-0.864872860065 -0.864872860065 -0.9069592
-0.47916939798 -0.47916939798 -0.5495082
-0.208322109095 -0.208322109095 -0.26370332
-0.09794863583 -0.09794863583 -0.13493064
-0.04884931786 -0.04884931786 -0.07360025
8.55269206396 8.55269206396 9.858982
2.9420719729400004 2.9420719729400004 4.448861
0.299274417545 0.299274417545 1.6007926
-0.8181043034650001 -0.8181043034650001 0.19093418
-1.201829582575 -1.201829582575 -0.6727767
-0.915300733545 -0.915300733545 -0.65638554
-0.613088145205 -0.613088145205 -0.48683718
-0.401234922395 -0.401234922395 -0.3375527
-0.21832634055 -0.21832634055 -0.19411534
-0.12600651417000003 -0.12600651417000003 -0.116405144
-0.07719337570000001 -0.07719337570000001 -0.07353272
3.983143555775 3.983143555775 6.497374
-1.5303717876250003 -1.5303717876250003 1.8063791
-4.06136940935 -4.06136940935 -1.6418135
-3.2394479702000005 -3.2394479702000005 -1.9497265
-2.141673831435 -2.141673831435 -1.5122671
-1.35066195745 -1.35066195745 -1.0440944
-0.680387586705 -0.680387586705 -0.5661166
-0.36057897613 -0.36057897613 -0.30916178
-0.20226584199000003 -0.20226584199000003 -0.17451748
7.07229916306 7.07229916306 6.691555
0.8834076298250001 0.8834076298250001 1.8043916
-2.56375412112 -2.56375412112 -1.6280226
-2.296514374255 -2.296514374255 -1.8653547
-1.543499497665 -1.543499497665 -1.4048762
-0.96552305663 -0.96552305663 -0.94341224
-0.474772341855 -0.474772341855 -0.49118555
-0.24483178699500002 -0.24483178699500002 -0.2571145
-0.1339188785 -0.1339188785 -0.13948046
9.42048413871 9.42048413871 9.797893
2.663885413865 2.663885413865 3.7626202
-0.42189209384500004 -0.42189209384500004 0.68428445
-1.9332901543650003 -1.9332901543650003 -1.2843083
-1.58761343747 -1.58761343747 -1.2915623
-1.062673881775 -1.062673881775 -0.9382037
-0.6778438447750001 -0.6778438447750001 -0.6248805
-0.34962034917 -0.34962034917 -0.33107555
-0.19106065432500002 -0.19106065432500002 -0.18055606
-0.11128780364 -0.11128780364 -0.10351508
5.85339529761 5.85339529761 7.0788474
-2.4103663724700004 -2.4103663724700004 -0.7015579
-2.78529654164 -2.78529654164 -1.9837658
-1.9024262203900002 -1.9024262203900002 -1.6406897
-1.1647098172400001 -1.1647098172400001 -1.1166061
-0.551762923935 -0.551762923935 -0.579506
-0.278051870925 -0.278051870925 -0.30785125
-0.15101763103500002 -0.15101763103500002 -0.17360191
14.54642957833 14.54642957833 9.462828
3.9177558983550003 3.9177558983550003 3.1188962
-2.55922455601 -2.55922455601 -1.7481782
-2.7909234344750002 -2.7909234344750002 -2.4065852
-1.9947464668500001 -1.9947464668500001 -1.9938
-1.30246932965 -1.30246932965 -1.4668596
-0.68600880846 -0.68600880846 -0.8886423
-0.38318072415500004 -0.38318072415500004 -0.5540998
-0.23030838741000004 -0.23030838741000004 -0.36370718
10.325232042575001 10.325232042575001 10.692949
2.4447180469000003 2.4447180469000003 4.0545235
-2.032417062085 -2.032417062085 -0.76107174
-1.972530037205 -1.972530037205 -1.3920976
-1.312965947375 -1.312965947375 -1.0955029
-0.8082215538950001 -0.8082215538950001 -0.73695433
-0.392712024295 -0.392712024295 -0.38691533
-0.20356213010500002 -0.20356213010500002 -0.2100997
-0.11349443137000001 -0.11349443137000001 -0.1219393
7.186400951345001 7.186400951345001 7.6403427
2.026496507075 2.026496507075 3.017451
-0.30234276063 -0.30234276063 0.6687002
-1.42751370309 -1.42751370309 -0.8524358
-1.17717553371 -1.17717553371 -0.8991149
-0.797564124295 -0.797564124295 -0.6666586
-0.519925953405 -0.519925953405 -0.4531088
-0.279558435335 -0.279558435335 -0.24724354
-0.15965187659000002 -0.15965187659000002 -0.13862425
-0.09707003851000001 -0.09707003851000001 -0.08181734
12.063012764140002 12.063012764140002 11.210663
3.725848494025 3.725848494025 4.578828
-0.08903291042 -0.08903291042 1.1181458
-2.019703760965 -2.019703760965 -1.2170705
-1.6950612373200002 -1.6950612373200002 -1.3345668
-1.1365774797200001 -1.1365774797200001 -1.000317
-0.7246848126650001 -0.7246848126650001 -0.6784175
-0.37267549479 -0.37267549479 -0.36677688
-0.20257685872 -0.20257685872 -0.20290755
-0.117170315155 -0.117170315155 -0.1170878
9.018215294415 9.018215294415 8.152529
2.8907046167950003 2.8907046167950003 3.137058
-0.11593861434000001 -0.11593861434000001 0.42535615
-1.7918855027750002 -1.7918855027750002 -1.406314
-1.558891071335 -1.558891071335 -1.4129041
-1.0715144916300001 -1.0715144916300001 -1.0544485
-0.695144419495 -0.695144419495 -0.7291556
-0.366443371695 -0.366443371695 -0.41718426
-0.20511117510500002 -0.20511117510500002 -0.2506655
-0.12303347673500001 -0.12303347673500001 -0.15991944
6.5825454294000005 6.5825454294000005 8.764392
1.4858429400550002 1.4858429400550002 3.222628
-0.48564385472500005 -0.48564385472500005 0.72339004
-1.086475194495 -1.086475194495 -0.2874698
-0.98214950797 -0.98214950797 -0.6518721
-0.621453723345 -0.621453723345 -0.48563078
-0.37152694356 -0.37152694356 -0.31376576
-0.22533726571 -0.22533726571 -0.20095734
-0.11401842866 -0.11401842866 -0.107780375
-0.06271621117000001 -0.06271621117000001 -0.06196052
-0.037022516815 -0.037022516815 -0.038690135
11.771125033315002 11.771125033315002 13.492228
3.3392418074300005 3.3392418074300005 5.8554854
-1.6467476264800003 -1.6467476264800003 -0.017005146
-1.76684881354 -1.76684881354 -1.0531131
-1.1786025717250002 -1.1786025717250002 -0.9100922
-0.7105964584300001 -0.7105964584300001 -0.61550707
-0.32816022105500003 -0.32816022105500003 -0.30766353
-0.15907662954000001 -0.15907662954000001 -0.15274301
-0.081531358075 -0.081531358075 -0.078534774
4.034097159375 4.034097159375 8.56046
-1.7071128861850002 -1.7071128861850002 2.9368355
-3.8774861893950003 -3.8774861893950003 -1.1527255
-2.869281639505 -2.869281639505 -1.6007217
-1.8018413725200002 -1.8018413725200002 -1.2270226
-1.097939282715 -1.097939282715 -0.81777143
-0.54058945231 -0.54058945231 -0.41772947
-0.286113888755 -0.286113888755 -0.21535072
-0.16233876078 -0.16233876078 -0.1147996
13.599123054605 13.599123054605 11.980649
4.995367588635 4.995367588635 5.481519
0.92861703325 0.92861703325 2.015345
-1.3680583891750002 -1.3680583891750002 -0.47046244
-1.26017735557 -1.26017735557 -0.7630465
-0.83466094276 -0.83466094276 -0.5740538
-0.508586051335 -0.508586051335 -0.3612177
-0.23731461292500003 -0.23731461292500003 -0.15895241
-0.11381500492 -0.11381500492 -0.06165224
-0.056324273890000005 -0.056324273890000005 -0.018050488
7.51524395993 7.51524395993 9.892797
-2.8845272091200003 -2.8845272091200003 -0.6235219
-2.3349473621800003 -2.3349473621800003 -1.6004202
-1.258364526585 -1.258364526585 -1.1026548
-0.65114054065 -0.65114054065 -0.6465842
-0.26148239293500003 -0.26148239293500003 -0.28600296
-0.11860775015000001 -0.11860775015000001 -0.13679229
-0.05965104494000001 -0.05965104494000001 -0.071362935
5.810250009775 5.810250009775 6.9626884
-0.6146796707950001 -0.6146796707950001 1.4986074
-1.97434244611 -1.97434244611 -1.0179656
-1.095190699275 -1.095190699275 -0.82479227
-0.535844885005 -0.535844885005 -0.4690325
-0.26878650768 -0.26878650768 -0.25200436
-0.10591167231000001 -0.10591167231000001 -0.10228618
-0.04657920554 -0.04657920554 -0.044483818
-0.022111409645000003 -0.022111409645000003 -0.020055754
11.38087073957 11.38087073957 14.287884
-2.9309419533400005 -2.9309419533400005 0.5771445
-3.569625205375 -3.569625205375 -2.0208492
-2.32380878345 -2.32380878345 -1.8170396
-1.3484086483300002 -1.3484086483300002 -1.2272346
-0.59445189987 -0.59445189987 -0.6107086
-0.28245467689500003 -0.28245467689500003 -0.31066385
-0.14594135806000003 -0.14594135806000003 -0.16863675
4.9896032771300005 4.9896032771300005 9.251273
-1.2560505159050002 -1.2560505159050002 2.594914
-3.7228515907950004 -3.7228515907950004 -1.9437604
-2.7602562029600004 -2.7602562029600004 -2.2274885
-1.7057430578150001 -1.7057430578150001 -1.6566026
-1.019868464915 -1.019868464915 -1.1116036
-0.48750003071500003 -0.48750003071500003 -0.59749764
-0.251951355345 -0.251951355345 -0.33680192
-0.14073215602 -0.14073215602 -0.20291696
9.54874065387 9.54874065387 10.716541
-1.3002196437200002 -1.3002196437200002 1.2998068
-2.189118611815 -2.189118611815 -0.77428037
-1.4947114327200002 -1.4947114327200002 -0.8859056
-0.660308130275 -0.660308130275 -0.50393564
-0.28594674942500004 -0.28594674942500004 -0.2396013
-0.1308911519 -0.1308911519 -0.111277096
8.378700047685001 8.378700047685001 10.525944
0.9941017291500001 0.9941017291500001 3.8344345
-2.9016264079900003 -2.9016264079900003 -1.1357908
-2.4949952954450003 -2.4949952954450003 -1.7796588
-1.62339726964 -1.62339726964 -1.4118279
-0.99411018326 -0.99411018326 -0.9703479
-0.48384265670500004 -0.48384265670500004 -0.52508473
-0.25233893165500004 -0.25233893165500004 -0.29296914
-0.14178009809000003 -0.14178009809000003 -0.17310154
9.969775469455 9.969775469455 9.5946865
0.9197588062900001 0.9197588062900001 3.3833663
-2.878571918745 -2.878571918745 0.04096234
-4.114631536335001 -4.114631536335001 -2.1883411
-3.08076794869 -3.08076794869 -2.1381433
-2.0162604439700003 -2.0162604439700003 -1.6099797
-1.2809282048600001 -1.2809282048600001 -1.1206918
-0.662337956835 -0.662337956835 -0.6320336
-0.362827428075 -0.362827428075 -0.36465526
-0.21050242931500002 -0.21050242931500002 -0.21953328
5.761262328065 5.761262328065 6.112028
-1.6514408390050002 -1.6514408390050002 0.06294048
-2.08881225073 -2.08881225073 -1.1032784
-1.4141222878300002 -1.4141222878300002 -0.9824047
-0.8325785536900001 -0.8325785536900001 -0.6635496
-0.35392582785500004 -0.35392582785500004 -0.312648
-0.149991480615 -0.149991480615 -0.13510416
-0.063152280465 -0.063152280465 -0.05283364
9.030918828675 9.030918828675 10.644235
2.3291140787900004 2.3291140787900004 4.258579
-1.630900659835 -1.630900659835 -0.5704279
-1.625944766035 -1.625944766035 -1.277282
-1.0598931359600001 -1.0598931359600001 -1.023475
-0.62500479086 -0.62500479086 -0.69175154
-0.277818779035 -0.277818779035 -0.3656964
-0.12934735790000002 -0.12934735790000002 -0.20238271
-0.063787231385 -0.063787231385 -0.12014591
12.373044957895 12.373044957895 12.737023
3.7972763242350003 3.7972763242350003 5.423125
-0.07303878450000001 -0.07303878450000001 1.5704858
-1.9684484349050002 -1.9684484349050002 -1.0882114
-1.6119083704450001 -1.6119083704450001 -1.2871962
-1.0524508411500002 -1.0524508411500002 -0.9726036
-0.6539662350250001 -0.6539662350250001 -0.6606752
-0.325140475975 -0.325140475975 -0.35661644
-0.171459458975 -0.171459458975 -0.19923581
-0.09625140761 -0.09625140761 -0.117352396
12.040380324020001 12.040380324020001 9.464242
4.037972607415 4.037972607415 3.814053
0.277298089875 0.277298089875 0.862298
-1.747692666695 -1.747692666695 -1.1037189
-1.516744077365 -1.516744077365 -1.1675133
-1.014783344005 -1.014783344005 -0.8580812
-0.637533283035 -0.637533283035 -0.57237226
-0.31859959408 -0.31859959408 -0.30230376
-0.16848791807500002 -0.16848791807500002 -0.16401869
-0.09512346655500001 -0.09512346655500001 -0.09362148
11.398842208305002 11.398842208305002 13.33795
4.36677056242 4.36677056242 6.4539924
0.88001340968 0.88001340968 2.6672716
-0.692896151335 -0.692896151335 0.7073526
-1.386339850695 -1.386339850695 -0.60426176
-1.10207163593 -1.10207163593 -0.67662853
-0.7415824518999999 -0.7415824518999999 -0.5027187
-0.47849346300500006 -0.47849346300500006 -0.3355692
-0.24938453526999999 -0.24938453526999999 -0.17495681
-0.13595962714 -0.13595962714 -0.09097113
-0.07780543226 -0.07780543226 -0.04789877
14.973633006165 14.973633006165 14.644879
5.72063121903 5.72063121903 6.862447
1.250135421935 1.250135421935 2.6378796
-0.7167781981800001 -0.7167781981800001 0.48722506
-1.55525562025 -1.55525562025 -0.89302504
-1.2258450573300002 -1.2258450573300002 -0.91218317
-0.8219379535450001 -0.8219379535450001 -0.6772517
-0.53374545644 -0.53374545644 -0.4654258
-0.286622763165 -0.286622763165 -0.2608066
-0.16371861856000003 -0.16371861856000003 -0.15232567
-0.09946659491000001 -0.09946659491000001 -0.09372166
13.029774006570001 13.029774006570001 16.926907
2.615067969575 2.615067969575 7.4301553
-3.05098821494 -3.05098821494 -0.041159034
-2.758075016325 -2.758075016325 -1.4411383
-1.765496234705 -1.765496234705 -1.2787069
-1.04077408743 -1.04077408743 -0.88622344
-0.46914256097 -0.46914256097 -0.45545274
-0.223446459375 -0.223446459375 -0.23241922
-0.11379258315 -0.11379258315 -0.12285416
6.83049413123 6.83049413123 8.305109
1.13274115163 1.13274115163 3.0764585
-1.2701465891100001 -1.2701465891100001 0.422521
-2.129432542705 -2.129432542705 -1.2605345
-1.59449077719 -1.59449077719 -1.2441221
-1.030586806115 -1.030586806115 -0.911534
-0.6465222861500001 -0.6465222861500001 -0.6140879
-0.32864205281500003 -0.32864205281500003 -0.33034703
-0.17734982073500002 -0.17734982073500002 -0.18179487
-0.10158222281000001 -0.10158222281000001 -0.10463444
8.911650922805 8.911650922805 8.557379
1.630556981885 1.630556981885 2.867279
-2.6746494912750003 -2.6746494912750003 -1.4979928
-2.55244477987 -2.55244477987 -2.0822043
-1.755247332905 -1.755247332905 -1.6914468
-1.107052577 -1.107052577 -1.1995182
-0.5437302591950001 -0.5437302591950001 -0.66959435
-0.27747486479 -0.27747486479 -0.37635916
-0.14976269454500002 -0.14976269454500002 -0.21995479
10.48103401724 10.48103401724 9.755903
3.28989947318 3.28989947318 3.8913572
-0.10713358001 -0.10713358001 0.7901535
-1.8823390975000003 -1.8823390975000003 -1.2731519
-1.5872896082999999 -1.5872896082999999 -1.312384
-1.0629761293350002 -1.0629761293350002 -0.9621208
-0.6745172837650001 -0.6745172837650001 -0.6466242
-0.345451238955 -0.345451238955 -0.35002306
-0.18825677785500003 -0.18825677785500003 -0.19735087
-0.10995184422000001 -0.10995184422000001 -0.11836329
5.641885385180001 5.641885385180001 4.7422256
-1.47734117723 -1.47734117723 -0.9498755
-2.1649979857850004 -2.1649979857850004 -1.7872314
-1.609143403885 -1.609143403885 -1.4491765
-1.0509527571050001 -1.0509527571050001 -1.001389
-0.5409308460750001 -0.5409308460750001 -0.54311913
-0.29461916975 -0.29461916975 -0.3031656
-0.17308480100500004 -0.17308480100500004 -0.18044247
7.40698950146 7.40698950146 7.1936455
-2.135172148255 -2.135172148255 -0.15587425
-2.907042158115 -2.907042158115 -1.710157
-2.1189755962850003 -2.1189755962850003 -1.6077058
-1.3658291033799999 -1.3658291033799999 -1.1926655
-0.691408963115 -0.691408963115 -0.6818513
-0.367697835595 -0.367697835595 -0.38794926
-0.20978915973 -0.20978915973 -0.2301549
10.366254587405 10.366254587405 8.143919
1.67698445978 1.67698445978 2.731156
-3.102772237935 -3.102772237935 -1.345817
-2.8441969036200003 -2.8441969036200003 -1.8547122
-1.939254187655 -1.939254187655 -1.4904643
-1.240987287265 -1.240987287265 -1.0527884
-0.64142556053 -0.64142556053 -0.5925585
-0.353411649935 -0.353411649935 -0.3401718
-0.208395623095 -0.208395623095 -0.20488562
11.40471558308 11.40471558308 10.167278
2.859305632175 2.859305632175 3.7317083
-2.25147447311 -2.25147447311 -1.0226189
-2.31090796912 -2.31090796912 -1.6586989
-1.5979121975150001 -1.5979121975150001 -1.3283687
-1.013176958085 -1.013176958085 -0.9178424
-0.50958964871 -0.50958964871 -0.4971034
-0.27136165059000006 -0.27136165059000006 -0.27485135
-0.154731243255 -0.154731243255 -0.1605859
10.509099273235 10.509099273235 12.419666
3.7476632746800003 3.7476632746800003 5.8130317
0.558962937605 0.558962937605 2.2715988
-0.7947147741650001 -0.7947147741650001 0.48204535
-1.28400802138 -1.28400802138 -0.6680956
-0.9737945631050001 -0.9737945631050001 -0.6972717
-0.6406554226150001 -0.6406554226150001 -0.5165047
-0.40956833816 -0.40956833816 -0.35077113
-0.21428863661000003 -0.21428863661000003 -0.1916361
-0.11888432032 -0.11888432032 -0.107820675
-0.06995636873500001 -0.06995636873500001 -0.063775316
5.534823507575001 5.534823507575001 4.703998
-1.6852860019750002 -1.6852860019750002 -1.386765
-2.3262662251950004 -2.3262662251950004 -2.1159143
-1.680253916165 -1.680253916165 -1.6241314
-1.056817546495 -1.056817546495 -1.0783323
-0.505677522435 -0.505677522435 -0.5564235
-0.25250292038500005 -0.25250292038500005 -0.29799
-0.13481430527500002 -0.13481430527500002 -0.17117594
6.853702369755001 6.853702369755001 7.5958433
1.43501134344 1.43501134344 2.7489207
-0.9005609402500001 -0.9005609402500001 0.37912208
-1.8193462899050001 -1.8193462899050001 -1.009544
-1.376780694 -1.376780694 -0.9378611
-0.88492719046 -0.88492719046 -0.64780796
-0.54965955712 -0.54965955712 -0.41360104
-0.275727935855 -0.275727935855 -0.20768192
-0.14757539049500001 -0.14757539049500001 -0.10728027
-0.08460185407 -0.08460185407 -0.05740318
7.251729640035 7.251729640035 8.46294
1.472850075695 1.472850075695 3.2850795
-1.8509824096850003 -1.8509824096850003 -0.5375567
-1.7286695539350003 -1.7286695539350003 -1.0471932
-1.14473364798 -1.14473364798 -0.8118172
-0.700409912255 -0.700409912255 -0.5290576
-0.33525030504000003 -0.33525030504000003 -0.25713533
-0.170088790445 -0.170088790445 -0.124593504
-0.092213992475 -0.092213992475 -0.06171588
10.057170776760001 10.057170776760001 10.184072
2.8108334148800003 2.8108334148800003 4.1622324
-0.38974439539 -0.38974439539 1.057569
-1.8577259014150003 -1.8577259014150003 -0.9916884
-1.4720226231150002 -1.4720226231150002 -1.0779407
-0.9540205048350001 -0.9540205048350001 -0.78792167
-0.59241015354 -0.59241015354 -0.5217996
-0.29601162993 -0.29601162993 -0.27195287
-0.15772922294 -0.15772922294 -0.14568411
-0.08999119166500001 -0.08999119166500001 -0.08309748
1.064421939675 1.064421939675 3.3620143
-2.416212389535 -2.416212389535 -0.7178957
-2.00606221432 -2.00606221432 -1.2479025
-1.26881141734 -1.26881141734 -0.99234486
-0.5934805698900001 -0.5934805698900001 -0.55657464
-0.29143480582000003 -0.29143480582000003 -0.3050597
-0.154638825655 -0.154638825655 -0.1759411
14.753730341670002 14.753730341670002 16.886574
0.737411031245 0.737411031245 4.6846156
-2.58998517656 -2.58998517656 -1.0407
-1.3497095310700002 -1.3497095310700002 -0.97893786
-0.59876465119 -0.59876465119 -0.5192741
-0.27603769234500003 -0.27603769234500003 -0.25194168
-0.09881016740000001 -0.09881016740000001 -0.08639728
-0.04127942375 -0.04127942375 -0.031254612
-0.019432506975000003 -0.019432506975000003 -0.011208814
0.15686419945500002 0.15686419945500002 0.4799571
-2.164097491795 -2.164097491795 -1.6880894
-1.6917992373550002 -1.6917992373550002 -1.5268081
-1.0368363362750002 -1.0368363362750002 -1.0386087
-0.46318619414000006 -0.46318619414000006 -0.5282509
-0.21769264987 -0.21769264987 -0.2793301
-0.11136811768500002 -0.11136811768500002 -0.16153558
14.520917043475002 14.520917043475002 18.870314
5.135049439635 5.135049439635 9.487153
0.6888525400200001 0.6888525400200001 4.204039
-1.18654667835 -1.18654667835 1.3827412
-1.8106782279100002 -1.8106782279100002 -0.64035964
-1.3260593683850002 -1.3260593683850002 -0.8552958
-0.83775992543 -0.83775992543 -0.66269577
-0.5118894029250001 -0.5118894029250001 -0.45006302
-0.24785260853000002 -0.24785260853000002 -0.23700762
-0.12587912491 -0.12587912491 -0.12558416
-0.0672227769 -0.0672227769 -0.06972462
13.480457438435002 13.480457438435002 12.213261
5.3256737621150005 5.3256737621150005 5.71873
1.25730190797 1.25730190797 2.17308
-0.59847180292 -0.59847180292 0.35689676
-1.4604136598050002 -1.4604136598050002 -0.8145007
-1.177407601655 -1.177407601655 -0.8219282
-0.79264060291 -0.79264060291 -0.60771763
-0.509760595015 -0.509760595015 -0.4125802
-0.26448725143 -0.26448725143 -0.2250231
-0.143976565135 -0.143976565135 -0.12559956
-0.08284250652 -0.08284250652 -0.073331326
12.089956301515 12.089956301515 12.401671
3.2275571594650003 3.2275571594650003 4.646261
-0.70749532285 -0.70749532285 0.6961274
-2.415131943775 -2.415131943775 -1.6945806
-1.8395922818000003 -1.8395922818000003 -1.5742416
-1.151992919185 -1.151992919185 -1.076353
-0.6932801832200001 -0.6932801832200001 -0.681814
-0.33288788014000004 -0.33288788014000004 -0.34338018
-0.171946069145 -0.171946069145 -0.18190542
-0.095608711465 -0.095608711465 -0.10221831
12.584724005035001 12.584724005035001 14.854476
4.37080144006 4.37080144006 6.7495756
0.33064922131 0.33064922131 2.3428187
-1.4402588252700002 -1.4402588252700002 0.116595805
-2.07679171404 -2.07679171404 -1.2384558
-1.5894904599300002 -1.5894904599300002 -1.1550022
-1.055833876665 -1.055833876665 -0.8253774
-0.6750369752350001 -0.6750369752350001 -0.5447975
-0.34670362871000004 -0.34670362871000004 -0.28173
-0.185456734615 -0.185456734615 -0.14576578
-0.10392805455 -0.10392805455 -0.07640676
6.662735261995 6.662735261995 7.722116
1.06019680129 1.06019680129 2.7354698
-2.1023386954550003 -2.1023386954550003 -0.91811955
-1.93633166484 -1.93633166484 -1.3732406
-1.3183670734650001 -1.3183670734650001 -1.0870314
-0.8386562711300001 -0.8386562711300001 -0.7474707
-0.42680080741000004 -0.42680080741000004 -0.4009389
-0.22920814538000003 -0.22920814538000003 -0.21901856
-0.130879625955 -0.130879625955 -0.12454368
4.31732667383 4.31732667383 6.0154915
-0.20767841526 -0.20767841526 1.3443465
-1.9066310636600001 -1.9066310636600001 -1.3162576
-1.32387398095 -1.32387398095 -1.2328218
-0.751611468075 -0.751611468075 -0.8135451
-0.41753562795000004 -0.41753562795000004 -0.50620323
-0.18370634002 -0.18370634002 -0.2582856
-0.08933463288000001 -0.08933463288000001 -0.14557682
-0.04748652583000001 -0.04748652583000001 -0.089334816
