5.376346305939999 5.376346305939999 7.5859323
-0.288351392365 -0.288351392365 2.124535
-2.255982902945 -2.255982902945 -1.190393
-1.532631607985 -1.532631607985 -1.2741065
-0.864872860065 -0.864872860065 -0.869236
-0.47916939798 -0.47916939798 -0.53885466
-0.208322109095 -0.208322109095 -0.2622813
-0.09794863583 -0.09794863583 -0.13475633
-0.04884931786 -0.04884931786 -0.073579915
8.55269206396 8.55269206396 9.947151
2.9420719729400004 2.9420719729400004 4.890899
0.299274417545 0.299274417545 2.0769548
-0.8181043034650001 -0.8181043034650001 0.5863023
-1.201829582575 -1.201829582575 -0.471484
-0.915300733545 -0.915300733545 -0.57190037
-0.613088145205 -0.613088145205 -0.45484927
-0.401234922395 -0.401234922395 -0.32620576
-0.21832634055 -0.21832634055 -0.19190341
-0.12600651417000003 -0.12600651417000003 -0.11600093
-0.07719337570000001 -0.07719337570000001 -0.07346194
3.983143555775 3.983143555775 6.96257
-1.5303717876250003 -1.5303717876250003 2.4960663
-4.06136940935 -4.06136940935 -1.113453
-3.2394479702000005 -3.2394479702000005 -1.6756988
-2.141673831435 -2.141673831435 -1.3916328
-1.35066195745 -1.35066195745 -0.9958017
-0.680387586705 -0.680387586705 -0.5551909
-0.36057897613 -0.36057897613 -0.3069024
-0.20226584199000003 -0.20226584199000003 -0.17407785
7.07229916306 7.07229916306 7.2275276
0.8834076298250001 0.8834076298250001 2.475559
-2.56375412112 -2.56375412112 -1.1665398
-2.296514374255 -2.296514374255 -1.6414992
-1.543499497665 -1.543499497665 -1.3117869
-0.96552305663 -0.96552305663 -0.9080503
-0.474772341855 -0.474772341855 -0.48374975
-0.24483178699500002 -0.24483178699500002 -0.2556771
-0.1339188785 -0.1339188785 -0.13921747
9.42048413871 9.42048413871 9.7770605
2.663885413865 2.663885413865 4.1874275
-0.42189209384500004 -0.42189209384500004 1.1791148
-1.9332901543650003 -1.9332901543650003 -0.96780026
-1.58761343747 -1.58761343747 -1.1465491
-1.062673881775 -1.062673881775 -0.88112664
-0.6778438447750001 -0.6778438447750001 -0.60437566
-0.34962034917 -0.34962034917 -0.32712272
-0.19106065432500002 -0.19106065432500002 -0.17985831
-0.11128780364 -0.11128780364 -0.10339889
5.85339529761 5.85339529761 7.3528795
-2.4103663724700004 -2.4103663724700004 -0.18495154
-2.78529654164 -2.78529654164 -1.6905159
-1.9024262203900002 -1.9024262203900002 -1.5151012
-1.1647098172400001 -1.1647098172400001 -1.0700274
-0.551762923935 -0.551762923935 -0.5705571
-0.278051870925 -0.278051870925 -0.30633283
-0.15101763103500002 -0.15101763103500002 -0.17336424
14.54642957833 14.54642957833 9.39308
3.9177558983550003 3.9177558983550003 3.544366
-2.55922455601 -2.55922455601 -1.2773168
-2.7909234344750002 -2.7909234344750002 -2.1418986
-1.9947464668500001 -1.9947464668500001 -1.8732507
-1.30246932965 -1.30246932965 -1.417678
-0.68600880846 -0.68600880846 -0.87731385
-0.38318072415500004 -0.38318072415500004 -0.551726
-0.23030838741000004 -0.23030838741000004 -0.36323982
10.325232042575001 10.325232042575001 10.978134
2.4447180469000003 2.4447180469000003 4.707716
-2.032417062085 -2.032417062085 -0.24859285
-1.972530037205 -1.972530037205 -1.1478484
-1.312965947375 -1.312965947375 -0.99929076
-0.8082215538950001 -0.8082215538950001 -0.7028857
-0.392712024295 -0.392712024295 -0.3805654
-0.20356213010500002 -0.20356213010500002 -0.20902197
-0.11349443137000001 -0.11349443137000001 -0.121766984
7.186400951345001 7.186400951345001 7.6771927
2.026496507075 2.026496507075 3.3692276
-0.30234276063 -0.30234276063 1.0565121
-1.42751370309 -1.42751370309 -0.6140015
-1.17717553371 -1.17717553371 -0.79178536
-0.797564124295 -0.797564124295 -0.62467575
-0.519925953405 -0.519925953405 -0.43798512
-0.279558435335 -0.279558435335 -0.24427553
-0.15965187659000002 -0.15965187659000002 -0.13808377
-0.09707003851000001 -0.09707003851000001 -0.081723526
12.063012764140002 12.063012764140002 10.72349
3.725848494025 3.725848494025 4.734837
-0.08903291042 -0.08903291042 1.4643338
-2.019703760965 -2.019703760965 -0.9399492
-1.6950612373200002 -1.6950612373200002 -1.196882
-1.1365774797200001 -1.1365774797200001 -0.9430524
-0.7246848126650001 -0.7246848126650001 -0.6568096
-0.37267549479 -0.37267549479 -0.3622908
-0.20257685872 -0.20257685872 -0.20205024
-0.117170315155 -0.117170315155 -0.11693224
9.018215294415 9.018215294415 8.470321
2.8907046167950003 2.8907046167950003 3.7229936
-0.11593861434000001 -0.11593861434000001 1.0135593
-1.7918855027750002 -1.7918855027750002 -1.0477738
-1.558891071335 -1.558891071335 -1.249861
-1.0715144916300001 -1.0715144916300001 -0.99083745
-0.695144419495 -0.695144419495 -0.70662844
-0.366443371695 -0.366443371695 -0.41297108
-0.20511117510500002 -0.20511117510500002 -0.24994913
-0.12303347673500001 -0.12303347673500001 -0.15980506
6.5825454294000005 6.5825454294000005 8.958619
1.4858429400550002 1.4858429400550002 3.7070312
-0.48564385472500005 -0.48564385472500005 1.159781
-1.086475194495 -1.086475194495 0.023111224
-0.98214950797 -0.98214950797 -0.534724
-0.621453723345 -0.621453723345 -0.44929826
-0.37152694356 -0.37152694356 -0.30364013
-0.22533726571 -0.22533726571 -0.19832094
-0.11401842866 -0.11401842866 -0.10745812
-0.06271621117000001 -0.06271621117000001 -0.061923612
-0.037022516815 -0.037022516815 -0.038686074
11.771125033315002 11.771125033315002 14.324794
3.3392418074300005 3.3392418074300005 6.9388866
-1.6467476264800003 -1.6467476264800003 0.7177606
-1.76684881354 -1.76684881354 -0.71094865
-1.1786025717250002 -1.1786025717250002 -0.77506626
-0.7105964584300001 -0.7105964584300001 -0.5671602
-0.32816022105500003 -0.32816022105500003 -0.29843113
-0.15907662954000001 -0.15907662954000001 -0.15113133
-0.081531358075 -0.081531358075 -0.07826942
4.034097159375 4.034097159375 8.952847
-1.7071128861850002 -1.7071128861850002 3.625074
-3.8774861893950003 -3.8774861893950003 -0.6230644
-2.869281639505 -2.869281639505 -1.3398342
-1.8018413725200002 -1.8018413725200002 -1.1201469
-1.097939282715 -1.097939282715 -0.7784853
-0.54058945231 -0.54058945231 -0.41004762
-0.286113888755 -0.286113888755 -0.21399793
-0.16233876078 -0.16233876078 -0.11457752
13.599123054605 13.599123054605 12.125584
4.995367588635 4.995367588635 6.0071936
0.92861703325 0.92861703325 2.5742242
-1.3680583891750002 -1.3680583891750002 -0.12813282
-1.26017735557 -1.26017735557 -0.6080574
-0.83466094276 -0.83466094276 -0.51318693
-0.508586051335 -0.508586051335 -0.3392646
-0.23731461292500003 -0.23731461292500003 -0.15465459
-0.11381500492 -0.11381500492 -0.060874127
-0.056324273890000005 -0.056324273890000005 -0.017916458
7.51524395993 7.51524395993 10.068963
-2.8845272091200003 -2.8845272091200003 -0.19951391
-2.3349473621800003 -2.3349473621800003 -1.4257729
-1.258364526585 -1.258364526585 -1.0494606
-0.65114054065 -0.65114054065 -0.6325264
-0.26148239293500003 -0.26148239293500003 -0.2843558
-0.11860775015000001 -0.11860775015000001 -0.13661833
-0.05965104494000001 -0.05965104494000001 -0.071345635
5.810250009775 5.810250009775 7.040133
-0.6146796707950001 -0.6146796707950001 1.8336112
-1.97434244611 -1.97434244611 -0.8326001
-1.095190699275 -1.095190699275 -0.76813126
-0.535844885005 -0.535844885005 -0.4549846
-0.26878650768 -0.26878650768 -0.2488928
-0.10591167231000001 -0.10591167231000001 -0.101999864
-0.04657920554 -0.04657920554 -0.044459745
-0.022111409645000003 -0.022111409645000003 -0.020053836
11.38087073957 11.38087073957 13.858458
-2.9309419533400005 -2.9309419533400005 1.1130944
-3.569625205375 -3.569625205375 -1.6603708
-2.32380878345 -2.32380878345 -1.6601007
-1.3484086483300002 -1.3484086483300002 -1.1706744
-0.59445189987 -0.59445189987 -0.6007142
-0.28245467689500003 -0.28245467689500003 -0.30914733
-0.14594135806000003 -0.14594135806000003 -0.16842811
4.9896032771300005 4.9896032771300005 9.531222
-1.2560505159050002 -1.2560505159050002 3.2626338
-3.7228515907950004 -3.7228515907950004 -1.4103835
-2.7602562029600004 -2.7602562029600004 -1.9696686
-1.7057430578150001 -1.7057430578150001 -1.5540088
-1.019868464915 -1.019868464915 -1.0751396
-0.48750003071500003 -0.48750003071500003 -0.5907625
-0.251951355345 -0.251951355345 -0.3356891
-0.14073215602 -0.14073215602 -0.20274654
9.54874065387 9.54874065387 10.567337
-1.3002196437200002 -1.3002196437200002 1.6129563
-2.189118611815 -2.189118611815 -0.5694509
-1.4947114327200002 -1.4947114327200002 -0.79375803
-0.660308130275 -0.660308130275 -0.4827773
-0.28594674942500004 -0.28594674942500004 -0.23549813
-0.1308911519 -0.1308911519 -0.11055492
8.378700047685001 8.378700047685001 11.426125
0.9941017291500001 0.9941017291500001 4.873547
-2.9016264079900003 -2.9016264079900003 -0.45784986
-2.4949952954450003 -2.4949952954450003 -1.4633986
-1.62339726964 -1.62339726964 -1.2857988
-0.99411018326 -0.99411018326 -0.92470384
-0.48384265670500004 -0.48384265670500004 -0.5162236
-0.25233893165500004 -0.25233893165500004 -0.29139972
-0.14178009809000003 -0.14178009809000003 -0.17283988
9.969775469455 9.969775469455 9.27328
0.9197588062900001 0.9197588062900001 3.754056
-2.878571918745 -2.878571918745 0.6047338
-4.114631536335001 -4.114631536335001 -1.7515646
-3.08076794869 -3.08076794869 -1.9089667
-2.0162604439700003 -2.0162604439700003 -1.507551
-1.2809282048600001 -1.2809282048600001 -1.0789518
-0.662337956835 -0.662337956835 -0.62230664
-0.362827428075 -0.362827428075 -0.36257967
-0.21050242931500002 -0.21050242931500002 -0.21911629
5.761262328065 5.761262328065 6.262671
-1.6514408390050002 -1.6514408390050002 0.43734276
-2.08881225073 -2.08881225073 -0.8779124
-1.4141222878300002 -1.4141222878300002 -0.8798061
-0.8325785536900001 -0.8325785536900001 -0.62278575
-0.35392582785500004 -0.35392582785500004 -0.30385917
-0.149991480615 -0.149991480615 -0.13341363
-0.063152280465 -0.063152280465 -0.052531827
9.030918828675 9.030918828675 11.518458
2.3291140787900004 2.3291140787900004 5.268627
-1.630900659835 -1.630900659835 0.079734504
-1.625944766035 -1.625944766035 -0.9850241
-1.0598931359600001 -1.0598931359600001 -0.91330576
-0.62500479086 -0.62500479086 -0.65451443
-0.277818779035 -0.277818779035 -0.35929197
-0.12934735790000002 -0.12934735790000002 -0.2013918
-0.063787231385 -0.063787231385 -0.1200029
12.373044957895 12.373044957895 12.595814
3.7972763242350003 3.7972763242350003 5.8348145
-0.07303878450000001 -0.07303878450000001 2.0959256
-1.9684484349050002 -1.9684484349050002 -0.73492324
-1.6119083704450001 -1.6119083704450001 -1.121977
-1.0524508411500002 -1.0524508411500002 -0.9066479
-0.6539662350250001 -0.6539662350250001 -0.6366636
-0.325140475975 -0.325140475975 -0.35188258
-0.171459458975 -0.171459458975 -0.1983771
-0.09625140761 -0.09625140761 -0.1172047
12.040380324020001 12.040380324020001 9.949591
4.037972607415 4.037972607415 4.5365543
0.277298089875 0.277298089875 1.5385146
-1.747692666695 -1.747692666695 -0.7166724
-1.516744077365 -1.516744077365 -0.9949188
-1.014783344005 -1.014783344005 -0.7904245
-0.637533283035 -0.637533283035 -0.54790777
-0.31859959408 -0.31859959408 -0.2974862
-0.16848791807500002 -0.16848791807500002 -0.16314213
-0.09512346655500001 -0.09512346655500001 -0.09347008
11.398842208305002 11.398842208305002 13.273933
4.36677056242 4.36677056242 6.9259653
0.88001340968 0.88001340968 3.2428818
-0.692896151335 -0.692896151335 1.2110422
-1.386339850695 -1.386339850695 -0.33432326
-1.10207163593 -1.10207163593 -0.5607286
-0.7415824518999999 -0.7415824518999999 -0.45847243
-0.47849346300500006 -0.47849346300500006 -0.31988803
-0.24938453526999999 -0.24938453526999999 -0.17193925
-0.13595962714 -0.13595962714 -0.09043199
-0.07780543226 -0.07780543226 -0.04780711
14.973633006165 14.973633006165 14.28402
5.72063121903 5.72063121903 7.209134
1.250135421935 1.250135421935 3.166182
-0.7167781981800001 -0.7167781981800001 0.9770236
-1.55525562025 -1.55525562025 -0.61980236
-1.2258450573300002 -1.2258450573300002 -0.7929781
-0.8219379535450001 -0.8219379535450001 -0.6312934
-0.53374545644 -0.53374545644 -0.44900784
-0.286622763165 -0.286622763165 -0.2576113
-0.16371861856000003 -0.16371861856000003 -0.1517478
-0.09946659491000001 -0.09946659491000001 -0.09362206
13.029774006570001 13.029774006570001 17.086271
2.615067969575 2.615067969575 8.087258
-3.05098821494 -3.05098821494 0.54355454
-2.758075016325 -2.758075016325 -1.1431122
-1.765496234705 -1.765496234705 -1.1541669
-1.04077408743 -1.04077408743 -0.83954763
-0.46914256097 -0.46914256097 -0.44599763
-0.223446459375 -0.223446459375 -0.23067787
-0.11379258315 -0.11379258315 -0.122552395
6.83049413123 6.83049413123 8.813055
1.13274115163 1.13274115163 3.7728405
-1.2701465891100001 -1.2701465891100001 1.056547
-2.129432542705 -2.129432542705 -0.9035743
-1.59449077719 -1.59449077719 -1.0836816
-1.030586806115 -1.030586806115 -0.84723437
-0.6465222861500001 -0.6465222861500001 -0.59009075
-0.32864205281500003 -0.32864205281500003 -0.32533306
-0.17734982073500002 -0.17734982073500002 -0.18081778
-0.10158222281000001 -0.10158222281000001 -0.10445261
8.911650922805 8.911650922805 8.2570095
1.630556981885 1.630556981885 3.0314493
-2.6746494912750003 -2.6746494912750003 -1.1955929
-2.55244477987 -2.55244477987 -1.8955872
-1.755247332905 -1.755247332905 -1.6018173
-1.107052577 -1.107052577 -1.1614368
-0.5437302591950001 -0.5437302591950001 -0.6603618
-0.27747486479 -0.27747486479 -0.37433255
-0.14976269454500002 -0.14976269454500002 -0.21953723
10.48103401724 10.48103401724 9.68741
3.28989947318 3.28989947318 4.2781534
-0.10713358001 -0.10713358001 1.2689788
-1.8823390975000003 -1.8823390975000003 -0.9544053
-1.5872896082999999 -1.5872896082999999 -1.1654961
-1.0629761293350002 -1.0629761293350002 -0.9049133
-0.6745172837650001 -0.6745172837650001 -0.6264752
-0.345451238955 -0.345451238955 -0.34628755
-0.18825677785500003 -0.18825677785500003 -0.19672023
-0.10995184422000001 -0.10995184422000001 -0.11826308
5.641885385180001 5.641885385180001 4.42759
-1.47734117723 -1.47734117723 -0.7228754
-2.1649979857850004 -2.1649979857850004 -1.6161971
-1.609143403885 -1.609143403885 -1.36911
-1.0509527571050001 -1.0509527571050001 -0.9701398
-0.5409308460750001 -0.5409308460750001 -0.536739
-0.29461916975 -0.29461916975 -0.3020143
-0.17308480100500004 -0.17308480100500004 -0.18024954
7.40698950146 7.40698950146 7.0815268
-2.135172148255 -2.135172148255 0.17415261
-2.907042158115 -2.907042158115 -1.4739676
-2.1189755962850003 -2.1189755962850003 -1.48943
-1.3658291033799999 -1.3658291033799999 -1.1417284
-0.691408963115 -0.691408963115 -0.66950166
-0.367697835595 -0.367697835595 -0.3852691
-0.20978915973 -0.20978915973 -0.22961256
10.366254587405 10.366254587405 7.9042253
1.67698445978 1.67698445978 2.9755661
-3.102772237935 -3.102772237935 -0.99834514
-2.8441969036200003 -2.8441969036200003 -1.6543279
-1.939254187655 -1.939254187655 -1.3992999
-1.240987287265 -1.240987287265 -1.0159795
-0.64142556053 -0.64142556053 -0.58427846
-0.353411649935 -0.353411649935 -0.3384859
-0.208395623095 -0.208395623095 -0.20456399
11.40471558308 11.40471558308 9.946083
2.859305632175 2.859305632175 4.0339766
-2.25147447311 -2.25147447311 -0.6424059
-2.31090796912 -2.31090796912 -1.4512672
-1.5979121975150001 -1.5979121975150001 -1.2385385
-1.013176958085 -1.013176958085 -0.8832516
-0.50958964871 -0.50958964871 -0.48983905
-0.27136165059000006 -0.27136165059000006 -0.27346566
-0.154731243255 -0.154731243255 -0.16033708
10.509099273235 10.509099273235 12.432104
3.7476632746800003 3.7476632746800003 6.3108726
0.558962937605 0.558962937605 2.8421574
-0.7947147741650001 -0.7947147741650001 0.9686448
-1.28400802138 -1.28400802138 -0.41302115
-0.9737945631050001 -0.9737945631050001 -0.58827585
-0.6406554226150001 -0.6406554226150001 -0.47469535
-0.40956833816 -0.40956833816 -0.33578843
-0.21428863661000003 -0.21428863661000003 -0.18868068
-0.11888432032 -0.11888432032 -0.10727569
-0.06995636873500001 -0.06995636873500001 -0.063679226
5.534823507575001 5.534823507575001 5.438507
-1.6852860019750002 -1.6852860019750002 -0.7536869
-2.3262662251950004 -2.3262662251950004 -1.8058959
-1.680253916165 -1.680253916165 -1.5021493
-1.056817546495 -1.056817546495 -1.0359747
-0.505677522435 -0.505677522435 -0.5489345
-0.25250292038500005 -0.25250292038500005 -0.29680687
-0.13481430527500002 -0.13481430527500002 -0.17100199
6.853702369755001 6.853702369755001 7.7444
1.43501134344 1.43501134344 3.1958513
-0.9005609402500001 -0.9005609402500001 0.83038664
-1.8193462899050001 -1.8193462899050001 -0.75422657
-1.376780694 -1.376780694 -0.8304237
-0.88492719046 -0.88492719046 -0.60860604
-0.54965955712 -0.54965955712 -0.40049505
-0.275727935855 -0.275727935855 -0.20540527
-0.14757539049500001 -0.14757539049500001 -0.10691713
-0.08460185407 -0.08460185407 -0.057348434
7.251729640035 7.251729640035 9.357447
1.472850075695 1.472850075695 4.2185173
-1.8509824096850003 -1.8509824096850003 0.02587068
-1.7286695539350003 -1.7286695539350003 -0.798615
-1.14473364798 -1.14473364798 -0.7180138
-0.700409912255 -0.700409912255 -0.49692616
-0.33525030504000003 -0.33525030504000003 -0.2514108
-0.170088790445 -0.170088790445 -0.12366473
-0.092213992475 -0.092213992475 -0.061574165
10.057170776760001 10.057170776760001 10.68228
2.8108334148800003 2.8108334148800003 4.926013
-0.38974439539 -0.38974439539 1.7691009
-1.8577259014150003 -1.8577259014150003 -0.592468
-1.4720226231150002 -1.4720226231150002 -0.90356696
-0.9540205048350001 -0.9540205048350001 -0.72088027
-0.59241015354 -0.59241015354 -0.49799237
-0.29601162993 -0.29601162993 -0.2673818
-0.15772922294 -0.15772922294 -0.14487192
-0.08999119166500001 -0.08999119166500001 -0.082960375
1.064421939675 1.064421939675 3.9374638
-2.416212389535 -2.416212389535 -0.31578195
-2.00606221432 -2.00606221432 -1.0633434
-1.26881141734 -1.26881141734 -0.92108524
-0.5934805698900001 -0.5934805698900001 -0.5422115
-0.29143480582000003 -0.29143480582000003 -0.30250314
-0.154638825655 -0.154638825655 -0.17551982
14.753730341670002 14.753730341670002 16.493038
0.737411031245 0.737411031245 5.046916
-2.58998517656 -2.58998517656 -0.79025
-1.3497095310700002 -1.3497095310700002 -0.90759605
-0.59876465119 -0.59876465119 -0.5034386
-0.27603769234500003 -0.27603769234500003 -0.24884267
-0.09881016740000001 -0.09881016740000001 -0.08616232
-0.04127942375 -0.04127942375 -0.03123834
-0.019432506975000003 -0.019432506975000003 -0.011207739
0.15686419945500002 0.15686419945500002 1.1684136
-2.164097491795 -2.164097491795 -1.2923079
-1.6917992373550002 -1.6917992373550002 -1.3629928
-1.0368363362750002 -1.0368363362750002 -0.98131895
-0.46318619414000006 -0.46318619414000006 -0.51845396
-0.21769264987 -0.21769264987 -0.27788025
-0.11136811768500002 -0.11136811768500002 -0.16133991
14.520917043475002 14.520917043475002 17.898205
5.135049439635 5.135049439635 9.489571
0.6888525400200001 0.6888525400200001 4.552926
-1.18654667835 -1.18654667835 1.7882924
-1.8106782279100002 -1.8106782279100002 -0.37527376
-1.3260593683850002 -1.3260593683850002 -0.7300032
-0.83775992543 -0.83775992543 -0.6114962
-0.5118894029250001 -0.5118894029250001 -0.43086052
-0.24785260853000002 -0.24785260853000002 -0.2330239
-0.12587912491 -0.12587912491 -0.1248208
-0.0672227769 -0.0672227769 -0.06958569
13.480457438435002 13.480457438435002 12.402387
5.3256737621150005 5.3256737621150005 6.3249273
1.25730190797 1.25730190797 2.8198328
-0.59847180292 -0.59847180292 0.9002689
-1.4604136598050002 -1.4604136598050002 -0.5284428
-1.177407601655 -1.177407601655 -0.6977634
-0.79264060291 -0.79264060291 -0.5592135
-0.509760595015 -0.509760595015 -0.39486942
-0.26448725143 -0.26448725143 -0.22143036
-0.143976565135 -0.143976565135 -0.12491849
-0.08284250652 -0.08284250652 -0.073207915
12.089956301515 12.089956301515 12.440843
3.2275571594650003 3.2275571594650003 5.2333775
-0.70749532285 -0.70749532285 1.3552905
-2.415131943775 -2.415131943775 -1.2984297
-1.8395922818000003 -1.8395922818000003 -1.4083498
-1.151992919185 -1.151992919185 -1.0180414
-0.6932801832200001 -0.6932801832200001 -0.66340506
-0.33288788014000004 -0.33288788014000004 -0.34051257
-0.171946069145 -0.171946069145 -0.18150191
-0.095608711465 -0.095608711465 -0.10216512
12.584724005035001 12.584724005035001 14.980251
4.37080144006 4.37080144006 7.4166985
0.33064922131 0.33064922131 3.086012
-1.4402588252700002 -1.4402588252700002 0.75081325
-2.07679171404 -2.07679171404 -0.9019456
-1.5894904599300002 -1.5894904599300002 -1.0097258
-1.055833876665 -1.055833876665 -0.7693258
-0.6750369752350001 -0.6750369752350001 -0.5246751
-0.34670362871000004 -0.34670362871000004 -0.277774
-0.185456734615 -0.185456734615 -0.14504252
-0.10392805455 -0.10392805455 -0.07628078
6.662735261995 6.662735261995 7.763056
1.06019680129 1.06019680129 3.1111567
-2.1023386954550003 -2.1023386954550003 -0.5640147
-1.93633166484 -1.93633166484 -1.1890962
-1.3183670734650001 -1.3183670734650001 -1.0086479
-0.8386562711300001 -0.8386562711300001 -0.71748644
-0.42680080741000004 -0.42680080741000004 -0.39464572
-0.22920814538000003 -0.22920814538000003 -0.21781148
-0.130879625955 -0.130879625955 -0.12432494
4.31732667383 4.31732667383 6.4289045
-0.20767841526 -0.20767841526 1.9248087
-1.9066310636600001 -1.9066310636600001 -0.9735821
-1.32387398095 -1.32387398095 -1.1050426
-0.751611468075 -0.751611468075 -0.7748451
-0.41753562795000004 -0.41753562795000004 -0.49586388
-0.18370634002 -0.18370634002 -0.2570565
-0.08933463288000001 -0.08933463288000001 -0.14544669
-0.04748652583000001 -0.04748652583000001 -0.089322
