5.376346305939999 5.376346305939999 7.260284
-0.288351392365 -0.288351392365 1.3378766
-2.255982902945 -2.255982902945 -1.6828505
-1.532631607985 -1.532631607985 -1.4571754
-0.864872860065 -0.864872860065 -0.9254904
-0.47916939798 -0.47916939798 -0.55445933
-0.208322109095 -0.208322109095 -0.2643203
-0.09794863583 -0.09794863583 -0.1350026
-0.04884931786 -0.04884931786 -0.07360838
8.55269206396 8.55269206396 9.674402
2.9420719729400004 2.9420719729400004 4.096346
0.299274417545 0.299274417545 1.2687786
-0.8181043034650001 -0.8181043034650001 -0.06519997
-1.201829582575 -1.201829582575 -0.7904628
-0.915300733545 -0.915300733545 -0.70185435
-0.613088145205 -0.613088145205 -0.50282174
-0.401234922395 -0.401234922395 -0.3428479
-0.21832634055 -0.21832634055 -0.19505551
-0.12600651417000003 -0.12600651417000003 -0.11656341
-0.07719337570000001 -0.07719337570000001 -0.07355857
3.983143555775 3.983143555775 6.2719235
-1.5303717876250003 -1.5303717876250003 1.3927698
-4.06136940935 -4.06136940935 -1.9652001
-3.2394479702000005 -3.2394479702000005 -2.1118627
-2.141673831435 -2.141673831435 -1.5805871
-1.35066195745 -1.35066195745 -1.0702142
-0.680387586705 -0.680387586705 -0.57163817
-0.36057897613 -0.36057897613 -0.31023395
-0.20226584199000003 -0.20226584199000003 -0.17471485
7.07229916306 7.07229916306 6.5259724
0.8834076298250001 0.8834076298250001 1.4921451
-2.56375412112 -2.56375412112 -1.8630531
-2.296514374255 -2.296514374255 -1.9779626
-1.543499497665 -1.543499497665 -1.4502981
-0.96552305663 -0.96552305663 -0.9600934
-0.474772341855 -0.474772341855 -0.4945326
-0.24483178699500002 -0.24483178699500002 -0.257738
-0.1339188785 -0.1339188785 -0.13959177
9.42048413871 9.42048413871 9.647755
2.663885413865 2.663885413865 3.3987541
-0.42189209384500004 -0.42189209384500004 0.32677412
-1.9332901543650003 -1.9332901543650003 -1.4834461
-1.58761343747 -1.58761343747 -1.3751999
-1.062673881775 -1.062673881775 -0.96885544
-0.6778438447750001 -0.6778438447750001 -0.6352218
-0.34962034917 -0.34962034917 -0.3329121
-0.19106065432500002 -0.19106065432500002 -0.18085884
-0.11128780364 -0.11128780364 -0.10356283
5.85339529761 5.85339529761 7.0323753
-2.4103663724700004 -2.4103663724700004 -0.97403216
-2.78529654164 -2.78529654164 -2.1392875
-1.9024262203900002 -1.9024262203900002 -1.7050841
-1.1647098172400001 -1.1647098172400001 -1.1395115
-0.551762923935 -0.551762923935 -0.5836388
-0.278051870925 -0.278051870925 -0.30851483
-0.15101763103500002 -0.15101763103500002 -0.17370135
14.54642957833 14.54642957833 9.42598
3.9177558983550003 3.9177558983550003 2.7585483
-2.55922455601 -2.55922455601 -2.0894902
-2.7909234344750002 -2.7909234344750002 -2.5853543
-1.9947464668500001 -1.9947464668500001 -2.0707219
-1.30246932965 -1.30246932965 -1.4967039
-0.68600880846 -0.68600880846 -0.89507616
-0.38318072415500004 -0.38318072415500004 -0.555375
-0.23030838741000004 -0.23030838741000004 -0.36394733
10.325232042575001 10.325232042575001 10.609352
2.4447180469000003 2.4447180469000003 3.7063055
-2.032417062085 -2.032417062085 -1.039977
-1.972530037205 -1.972530037205 -1.518946
-1.312965947375 -1.312965947375 -1.1427307
-0.8082215538950001 -0.8082215538950001 -0.75274354
-0.392712024295 -0.392712024295 -0.3896261
-0.20356213010500002 -0.20356213010500002 -0.21052729
-0.11349443137000001 -0.11349443137000001 -0.12200361
7.186400951345001 7.186400951345001 7.5123687
2.026496507075 2.026496507075 2.738328
-0.30234276063 -0.30234276063 0.40111315
-1.42751370309 -1.42751370309 -0.9973717
-1.17717553371 -1.17717553371 -0.95900095
-0.797564124295 -0.797564124295 -0.6884495
-0.519925953405 -0.519925953405 -0.46046874
-0.279558435335 -0.279558435335 -0.2485705
-0.15965187659000002 -0.15965187659000002 -0.13884933
-0.09707003851000001 -0.09707003851000001 -0.08185425
12.063012764140002 12.063012764140002 11.523932
3.725848494025 3.725848494025 4.482739
-0.08903291042 -0.08903291042 0.91038394
-2.019703760965 -2.019703760965 -1.3736407
-1.6950612373200002 -1.6950612373200002 -1.4079292
-1.1365774797200001 -1.1365774797200001 -1.0291876
-0.7246848126650001 -0.7246848126650001 -0.6887675
-0.37267549479 -0.37267549479 -0.36878484
-0.20257685872 -0.20257685872 -0.20327051
-0.117170315155 -0.117170315155 -0.117150895
9.018215294415 9.018215294415 7.94013
2.8907046167950003 2.8907046167950003 2.7556696
-0.11593861434000001 -0.11593861434000001 0.05491495
-1.7918855027750002 -1.7918855027750002 -1.6171381
-1.558891071335 -1.558891071335 -1.5023907
-1.0715144916300001 -1.0715144916300001 -1.0870807
-0.695144419495 -0.695144419495 -0.7399835
-0.366443371695 -0.366443371695 -0.41903317
-0.20511117510500002 -0.20511117510500002 -0.25095552
-0.12303347673500001 -0.12303347673500001 -0.15996274
6.5825454294000005 6.5825454294000005 8.504551
1.4858429400550002 1.4858429400550002 2.8505945
-0.48564385472500005 -0.48564385472500005 0.42724228
-1.086475194495 -1.086475194495 -0.48271
-0.98214950797 -0.98214950797 -0.71747005
-0.621453723345 -0.621453723345 -0.5040822
-0.37152694356 -0.37152694356 -0.31847167
-0.22533726571 -0.22533726571 -0.20208657
-0.11401842866 -0.11401842866 -0.1079041
-0.06271621117000001 -0.06271621117000001 -0.061973438
-0.037022516815 -0.037022516815 -0.038691454
11.771125033315002 11.771125033315002 13.296381
3.3392418074300005 3.3392418074300005 5.375771
-1.6467476264800003 -1.6467476264800003 -0.38129252
-1.76684881354 -1.76684881354 -1.2189618
-1.1786025717250002 -1.1786025717250002 -0.97242403
-0.7105964584300001 -0.7105964584300001 -0.63658863
-0.32816022105500003 -0.32816022105500003 -0.31134623
-0.15907662954000001 -0.15907662954000001 -0.15333265
-0.081531358075 -0.081531358075 -0.07862446
4.034097159375 4.034097159375 8.267157
-1.7071128861850002 -1.7071128861850002 2.4519172
-3.8774861893950003 -3.8774861893950003 -1.4997523
-2.869281639505 -2.869281639505 -1.7607017
-1.8018413725200002 -1.8018413725200002 -1.2885394
-1.097939282715 -1.097939282715 -0.8390603
-0.54058945231 -0.54058945231 -0.42155838
-0.286113888755 -0.286113888755 -0.21597734
-0.16233876078 -0.16233876078 -0.11489642
13.599123054605 13.599123054605 11.928534
4.995367588635 4.995367588635 5.1715565
0.92861703325 0.92861703325 1.6851717
-1.3680583891750002 -1.3680583891750002 -0.6635681
-1.26017735557 -1.26017735557 -0.8457047
-0.83466094276 -0.83466094276 -0.60475796
-0.508586051335 -0.508586051335 -0.371727
-0.23731461292500003 -0.23731461292500003 -0.16087203
-0.11381500492 -0.11381500492 -0.061980937
-0.056324273890000005 -0.056324273890000005 -0.018104872
7.51524395993 7.51524395993 9.881126
-2.8845272091200003 -2.8845272091200003 -0.87591445
-2.3349473621800003 -2.3349473621800003 -1.7034267
-1.258364526585 -1.258364526585 -1.1331323
-0.65114054065 -0.65114054065 -0.6544311
-0.26148239293500003 -0.26148239293500003 -0.28690147
-0.11860775015000001 -0.11860775015000001 -0.13688721
-0.05965104494000001 -0.05965104494000001 -0.07137259
5.810250009775 5.810250009775 6.7747025
-0.6146796707950001 -0.6146796707950001 1.2022848
-1.97434244611 -1.97434244611 -1.1523478
-1.095190699275 -1.095190699275 -0.862391
-0.535844885005 -0.535844885005 -0.47780097
-0.26878650768 -0.26878650768 -0.2538633
-0.10591167231000001 -0.10591167231000001 -0.10245098
-0.04657920554 -0.04657920554 -0.04449759
-0.022111409645000003 -0.022111409645000003 -0.020056881
11.38087073957 11.38087073957 14.6049385
-2.9309419533400005 -2.9309419533400005 0.23306847
-3.569625205375 -3.569625205375 -2.2404401
-2.32380878345 -2.32380878345 -1.9072654
-1.3484086483300002 -1.3484086483300002 -1.2579535
-0.59445189987 -0.59445189987 -0.61572427
-0.28245467689500003 -0.28245467689500003 -0.31137526
-0.14594135806000003 -0.14594135806000003 -0.16872968
4.9896032771300005 4.9896032771300005 8.987038
-1.2560505159050002 -1.2560505159050002 2.1140184
-3.7228515907950004 -3.7228515907950004 -2.2854958
-2.7602562029600004 -2.7602562029600004 -2.3806214
-1.7057430578150001 -1.7057430578150001 -1.7136289
-1.019868464915 -1.019868464915 -1.1306713
-0.48750003071500003 -0.48750003071500003 -0.60073894
-0.251951355345 -0.251951355345 -0.33730033
-0.14073215602 -0.14073215602 -0.20298897
9.54874065387 9.54874065387 10.803568
-1.3002196437200002 -1.3002196437200002 1.0770776
-2.189118611815 -2.189118611815 -0.9120628
-1.4947114327200002 -1.4947114327200002 -0.9454292
-0.660308130275 -0.660308130275 -0.51698285
-0.28594674942500004 -0.28594674942500004 -0.24205483
-0.1308911519 -0.1308911519 -0.11170256
8.378700047685001 8.378700047685001 10.18807
0.9941017291500001 0.9941017291500001 3.317878
-2.9016264079900003 -2.9016264079900003 -1.4945297
-2.4949952954450003 -2.4949952954450003 -1.9428099
-1.62339726964 -1.62339726964 -1.4740992
-0.99411018326 -0.99411018326 -0.9918592
-0.48384265670500004 -0.48384265670500004 -0.52898353
-0.25233893165500004 -0.25233893165500004 -0.29361978
-0.14178009809000003 -0.14178009809000003 -0.17320514
9.969775469455 9.969775469455 9.801498
0.9197588062900001 0.9197588062900001 3.0969167
-2.878571918745 -2.878571918745 -0.3653201
-4.114631536335001 -4.114631536335001 -2.4810493
-3.08076794869 -3.08076794869 -2.2826443
-2.0162604439700003 -2.0162604439700003 -1.6709812
-1.2809282048600001 -1.2809282048600001 -1.1442384
-0.662337956835 -0.662337956835 -0.63711953
-0.362827428075 -0.362827428075 -0.36566848
-0.21050242931500002 -0.21050242931500002 -0.21972495
5.761262328065 5.761262328065 5.9746437
-1.6514408390050002 -1.6514408390050002 -0.19866955
-2.08881225073 -2.08881225073 -1.2502478
-1.4141222878300002 -1.4141222878300002 -1.0456872
-0.8325785536900001 -0.8325785536900001 -0.68748015
-0.35392582785500004 -0.35392582785500004 -0.3174873
-0.149991480615 -0.149991480615 -0.13598846
-0.063152280465 -0.063152280465 -0.05298574
9.030918828675 9.030918828675 10.196651
2.3291140787900004 2.3291140787900004 3.681168
-1.630900659835 -1.630900659835 -0.9396716
-1.625944766035 -1.625944766035 -1.4346428
-1.0598931359600001 -1.0598931359600001 -1.0791353
-0.62500479086 -0.62500479086 -0.7093596
-0.277818779035 -0.277818779035 -0.36844322
-0.12934735790000002 -0.12934735790000002 -0.2027709
-0.063787231385 -0.063787231385 -0.12019766
12.373044957895 12.373044957895 12.816965
3.7972763242350003 3.7972763242350003 5.1585665
-0.07303878450000001 -0.07303878450000001 1.2479962
-1.9684484349050002 -1.9684484349050002 -1.29041
-1.6119083704450001 -1.6119083704450001 -1.3759159
-1.0524508411500002 -1.0524508411500002 -1.0059642
-0.6539662350250001 -0.6539662350250001 -0.67216283
-0.325140475975 -0.325140475975 -0.35871857
-0.171459458975 -0.171459458975 -0.19959411
-0.09625140761 -0.09625140761 -0.11741109
12.040380324020001 12.040380324020001 9.324765
4.037972607415 4.037972607415 3.4711199
0.277298089875 0.277298089875 0.52015316
-1.747692666695 -1.747692666695 -1.2986255
-1.516744077365 -1.516744077365 -1.2506982
-1.014783344005 -1.014783344005 -0.88898546
-0.637533283035 -0.637533283035 -0.58293754
-0.31859959408 -0.31859959408 -0.3042198
-0.16848791807500002 -0.16848791807500002 -0.1643419
-0.09512346655500001 -0.09512346655500001 -0.093673736
11.398842208305002 11.398842208305002 13.231182
4.36677056242 4.36677056242 6.0616007
0.88001340968 0.88001340968 2.258289
-0.692896151335 -0.692896151335 0.37614697
-1.386339850695 -1.386339850695 -0.764001
-1.10207163593 -1.10207163593 -0.73958653
-0.7415824518999999 -0.7415824518999999 -0.5249545
-0.47849346300500006 -0.47849346300500006 -0.34289563
-0.24938453526999999 -0.24938453526999999 -0.17623031
-0.13595962714 -0.13595962714 -0.091178596
-0.07780543226 -0.07780543226 -0.047931273
14.973633006165 14.973633006165 14.796269
5.72063121903 5.72063121903 6.5876107
1.250135421935 1.250135421935 2.280135
-0.7167781981800001 -0.7167781981800001 0.17685175
-1.55525562025 -1.55525562025 -1.0509005
-1.2258450573300002 -1.2258450573300002 -0.9759282
-0.8219379535450001 -0.8219379535450001 -0.7001379
-0.53374545644 -0.53374545644 -0.47307375
-0.286622763165 -0.286622763165 -0.26216424
-0.16371861856000003 -0.16371861856000003 -0.15255201
-0.09946659491000001 -0.09946659491000001 -0.09375805
13.029774006570001 13.029774006570001 17.006464
2.615067969575 2.615067969575 7.107336
-3.05098821494 -3.05098821494 -0.36910307
-2.758075016325 -2.758075016325 -1.6059749
-1.765496234705 -1.765496234705 -1.3455212
-1.04077408743 -1.04077408743 -0.91048115
-0.46914256097 -0.46914256097 -0.46017045
-0.223446459375 -0.223446459375 -0.23326465
-0.11379258315 -0.11379258315 -0.12299896
6.83049413123 6.83049413123 8.127656
1.13274115163 1.13274115163 2.741188
-1.2701465891100001 -1.2701465891100001 0.103515625
-2.129432542705 -2.129432542705 -1.43788
-1.59449077719 -1.59449077719 -1.3204865
-1.030586806115 -1.030586806115 -0.94065005
-0.6465222861500001 -0.6465222861500001 -0.62441593
-0.32864205281500003 -0.32864205281500003 -0.33235326
-0.17734982073500002 -0.17734982073500002 -0.18216112
-0.10158222281000001 -0.10158222281000001 -0.10469893
8.911650922805 8.911650922805 8.827745
1.630556981885 1.630556981885 2.8063517
-2.6746494912750003 -2.6746494912750003 -1.6672684
-2.55244477987 -2.55244477987 -2.186309
-1.755247332905 -1.755247332905 -1.740329
-1.107052577 -1.107052577 -1.2197876
-0.5437302591950001 -0.5437302591950001 -0.6743564
-0.27747486479 -0.27747486479 -0.377382
-0.14976269454500002 -0.14976269454500002 -0.22016321
10.48103401724 10.48103401724 9.70155
3.28989947318 3.28989947318 3.5817726
-0.10713358001 -0.10713358001 0.45586205
-1.8823390975000003 -1.8823390975000003 -1.4710796
-1.5872896082999999 -1.5872896082999999 -1.3964363
-1.0629761293350002 -1.0629761293350002 -0.9926102
-0.6745172837650001 -0.6745172837650001 -0.6566915
-0.345451238955 -0.345451238955 -0.35173547
-0.18825677785500003 -0.18825677785500003 -0.19761969
-0.10995184422000001 -0.10995184422000001 -0.118403606
5.641885385180001 5.641885385180001 4.8479605
-1.47734117723 -1.47734117723 -1.1201766
-2.1649979857850004 -2.1649979857850004 -1.8955605
-1.609143403885 -1.609143403885 -1.49576
-1.0509527571050001 -1.0509527571050001 -1.0184323
-0.5409308460750001 -0.5409308460750001 -0.54633856
-0.29461916975 -0.29461916975 -0.30371243
-0.17308480100500004 -0.17308480100500004 -0.18053004
7.40698950146 7.40698950146 7.1800723
-2.135172148255 -2.135172148255 -0.4187299
-2.907042158115 -2.907042158115 -1.8787191
-2.1189755962850003 -2.1189755962850003 -1.6871002
-1.3658291033799999 -1.3658291033799999 -1.2253097
-0.691408963115 -0.691408963115 -0.6893541
-0.367697835595 -0.367697835595 -0.38951716
-0.20978915973 -0.20978915973 -0.23046494
10.366254587405 10.366254587405 8.174977
1.67698445978 1.67698445978 2.4677882
-3.102772237935 -3.102772237935 -1.6138492
-2.8441969036200003 -2.8441969036200003 -1.9953737
-1.939254187655 -1.939254187655 -1.5504434
-1.240987287265 -1.240987287265 -1.0757539
-0.64142556053 -0.64142556053 -0.59739536
-0.353411649935 -0.353411649935 -0.34110686
-0.208395623095 -0.208395623095 -0.20505732
11.40471558308 11.40471558308 10.455924
2.859305632175 2.859305632175 3.6360126
-2.25147447311 -2.25147447311 -1.21119
-2.31090796912 -2.31090796912 -1.761588
-1.5979121975150001 -1.5979121975150001 -1.3715072
-1.013176958085 -1.013176958085 -0.9338141
-0.50958964871 -0.50958964871 -0.50026673
-0.27136165059000006 -0.27136165059000006 -0.27542442
-0.154731243255 -0.154731243255 -0.16068463
10.509099273235 10.509099273235 12.318359
3.7476632746800003 3.7476632746800003 5.4415445
0.558962937605 0.558962937605 1.8896985
-0.7947147741650001 -0.7947147741650001 0.17576522
-1.28400802138 -1.28400802138 -0.81455183
-0.9737945631050001 -0.9737945631050001 -0.75513065
-0.6406554226150001 -0.6406554226150001 -0.53714824
-0.40956833816 -0.40956833816 -0.35768214
-0.21428863661000003 -0.21428863661000003 -0.19287628
-0.11888432032 -0.11888432032 -0.10803075
-0.06995636873500001 -0.06995636873500001 -0.06380972
5.534823507575001 5.534823507575001 4.202377
-1.6852860019750002 -1.6852860019750002 -1.7745203
-2.3262662251950004 -2.3262662251950004 -2.2918816
-1.680253916165 -1.680253916165 -1.6887974
-1.056817546495 -1.056817546495 -1.0994184
-0.505677522435 -0.505677522435 -0.55985117
-0.25250292038500005 -0.25250292038500005 -0.29849496
-0.13481430527500002 -0.13481430527500002 -0.17124625
6.853702369755001 6.853702369755001 7.3462276
1.43501134344 1.43501134344 2.382872
-0.9005609402500001 -0.9005609402500001 0.0584327
-1.8193462899050001 -1.8193462899050001 -1.1679174
-1.376780694 -1.376780694 -0.998698
-0.88492719046 -0.88492719046 -0.6683774
-0.54965955712 -0.54965955712 -0.42002818
-0.275727935855 -0.275727935855 -0.20870346
-0.14757539049500001 -0.14757539049500001 -0.10743152
-0.08460185407 -0.08460185407 -0.05742467
7.251729640035 7.251729640035 7.9682612
1.472850075695 1.472850075695 2.7491484
-1.8509824096850003 -1.8509824096850003 -0.8508665
-1.7286695539350003 -1.7286695539350003 -1.177562
-1.14473364798 -1.14473364798 -0.8579518
-0.700409912255 -0.700409912255 -0.54386777
-0.33525030504000003 -0.33525030504000003 -0.2595377
-0.170088790445 -0.170088790445 -0.124951325
-0.092213992475 -0.092213992475 -0.061766606
10.057170776760001 10.057170776760001 9.967287
2.8108334148800003 2.8108334148800003 3.7469435
-0.38974439539 -0.38974439539 0.6640985
-1.8577259014150003 -1.8577259014150003 -1.2047946
-1.4720226231150002 -1.4720226231150002 -1.165992
-0.9540205048350001 -0.9540205048350001 -0.81980497
-0.59241015354 -0.59241015354 -0.53246146
-0.29601162993 -0.29601162993 -0.27383047
-0.15772922294 -0.15772922294 -0.14599241
-0.08999119166500001 -0.08999119166500001 -0.083146095
1.064421939675 1.064421939675 2.9260623
-2.416212389535 -2.416212389535 -0.9916575
-2.00606221432 -2.00606221432 -1.3652636
-1.26881141734 -1.26881141734 -1.0351686
-0.5934805698900001 -0.5934805698900001 -0.5646182
-0.29143480582000003 -0.29143480582000003 -0.306415
-0.154638825655 -0.154638825655 -0.17615598
14.753730341670002 14.753730341670002 17.33389
0.737411031245 0.737411031245 4.513403
-2.58998517656 -2.58998517656 -1.1877743
-1.3497095310700002 -1.3497095310700002 -1.020321
-0.59876465119 -0.59876465119 -0.5282833
-0.27603769234500003 -0.27603769234500003 -0.25368607
-0.09881016740000001 -0.09881016740000001 -0.0865305
-0.04127942375 -0.04127942375 -0.031264164
-0.019432506975000003 -0.019432506975000003 -0.011209479
0.15686419945500002 0.15686419945500002 0.0994761
-2.164097491795 -2.164097491795 -1.9028118
-1.6917992373550002 -1.6917992373550002 -1.61111
-1.0368363362750002 -1.0368363362750002 -1.0663536
-0.46318619414000006 -0.46318619414000006 -0.5325757
-0.21769264987 -0.21769264987 -0.27991703
-0.11136811768500002 -0.11136811768500002 -0.16160902
14.520917043475002 14.520917043475002 19.280327
5.135049439635 5.135049439635 9.33237
0.6888525400200001 0.6888525400200001 3.8896294
-1.18654667835 -1.18654667835 1.077667
-1.8106782279100002 -1.8106782279100002 -0.81312644
-1.3260593683850002 -1.3260593683850002 -0.930327
-0.83775992543 -0.83775992543 -0.69142056
-0.5118894029250001 -0.5118894029250001 -0.4602719
-0.24785260853000002 -0.24785260853000002 -0.23899394
-0.12587912491 -0.12587912491 -0.12594755
-0.0672227769 -0.0672227769 -0.06978884
13.480457438435002 13.480457438435002 12.141697
5.3256737621150005 5.3256737621150005 5.363884
1.25730190797 1.25730190797 1.7936776
-0.59847180292 -0.59847180292 0.04494375
-1.4604136598050002 -1.4604136598050002 -0.96939373
-1.177407601655 -1.177407601655 -0.8850376
-0.79264060291 -0.79264060291 -0.6308624
-0.509760595015 -0.509760595015 -0.4205293
-0.26448725143 -0.26448725143 -0.22650276
-0.143976565135 -0.143976565135 -0.12585938
-0.08284250652 -0.08284250652 -0.07337546
12.089956301515 12.089956301515 12.29971
3.2275571594650003 3.2275571594650003 4.2212
-0.70749532285 -0.70749532285 0.25808716
-2.415131943775 -2.415131943775 -1.9333351
-1.8395922818000003 -1.8395922818000003 -1.6665856
-1.151992919185 -1.151992919185 -1.1065338
-0.6932801832200001 -0.6932801832200001 -0.69072056
-0.33288788014000004 -0.33288788014000004 -0.3446476
-0.171946069145 -0.171946069145 -0.18207078
-0.095608711465 -0.095608711465 -0.10223887
12.584724005035001 12.584724005035001 14.612843
4.37080144006 4.37080144006 6.2275724
0.33064922131 0.33064922131 1.8270884
-1.4402588252700002 -1.4402588252700002 -0.2950791
-2.07679171404 -2.07679171404 -1.4370534
-1.5894904599300002 -1.5894904599300002 -1.2343127
-1.055833876665 -1.055833876665 -0.8539102
-0.6750369752350001 -0.6750369752350001 -0.5544041
-0.34670362871000004 -0.34670362871000004 -0.28346255
-0.185456734615 -0.185456734615 -0.14606002
-0.10392805455 -0.10392805455 -0.07645501
6.662735261995 6.662735261995 7.672152
1.06019680129 1.06019680129 2.4897845
-2.1023386954550003 -2.1023386954550003 -1.1282132
-1.93633166484 -1.93633166484 -1.4754808
-1.3183670734650001 -1.3183670734650001 -1.128066
-0.8386562711300001 -0.8386562711300001 -0.76235
-0.42680080741000004 -0.42680080741000004 -0.40384883
-0.22920814538000003 -0.22920814538000003 -0.21954502
-0.130879625955 -0.130879625955 -0.12463483
4.31732667383 4.31732667383 5.6863804
-0.20767841526 -0.20767841526 0.9488927
-1.9066310636600001 -1.9066310636600001 -1.5230007
-1.32387398095 -1.32387398095 -1.3030783
-0.751611468075 -0.751611468075 -0.83307016
-0.41753562795000004 -0.41753562795000004 -0.5110124
-0.18370634002 -0.18370634002 -0.25879675
-0.08933463288000001 -0.08933463288000001 -0.14562598
-0.04748652583000001 -0.04748652583000001 -0.089339286
