2.171539681585 2.171539681585 2.3858957
-4.21140428948 -4.21140428948 -3.2599854
-6.7040848916149995 -6.7040848916149995 -5.716029
-6.827436473930001 -6.827436473930001 -6.2327747
-5.172466175275 -5.172466175275 -4.9235806
-3.599263844755 -3.599263844755 -3.5477722
-2.4529448936200002 -2.4529448936200002 -2.494304
-1.4032880045500002 -1.4032880045500002 -1.483524
-0.8416726030600001 -0.8416726030600001 -0.91510457
-0.531330705325 -0.531330705325 -0.58844256
7.015935742965 7.015935742965 7.786898
0.803090434225 0.803090434225 1.5023134
-2.0578910546 -2.0578910546 -1.5230277
-3.1421587812050005 -3.1421587812050005 -2.7429144
-3.11349995217 -3.11349995217 -2.8793888
-2.320554817515 -2.320554817515 -2.1851344
-1.602121451625 -1.602121451625 -1.5286742
-1.089567770945 -1.089567770945 -1.0550562
-0.626636617875 -0.626636617875 -0.6201266
-0.37987960424000006 -0.37987960424000006 -0.3816205
-0.24255511092500004 -0.24255511092500004 -0.24666466
1.9945150815350003 1.9945150815350003 -0.6447258
-3.64622865748 -3.64622865748 -4.511471
-5.6547288585899995 -5.6547288585899995 -5.8172975
-4.30478581555 -4.30478581555 -4.557315
-2.8763787860850005 -2.8763787860850005 -3.1916666
-1.8849253200200002 -1.8849253200200002 -2.1907392
-1.0401626347350001 -1.0401626347350001 -1.2830151
-0.618322762085 -0.618322762085 -0.7974962
-0.39468905205 -0.39468905205 -0.5241649
9.707465807725 9.707465807725 16.255789
-3.1444226973450005 -3.1444226973450005 1.5936867
-3.3195902549900005 -3.3195902549900005 -1.1102701
-1.918211277745 -1.918211277745 -0.9457307
-0.92548113605 -0.92548113605 -0.45221958
-0.23165792066500002 -0.23165792066500002 -0.017893989
0.005468732715000001 0.005468732715000001 0.12779678
0.07867846352 0.07867846352 0.15706706
3.194685636915 3.194685636915 3.1963162
-7.245466719825 -7.245466719825 -6.284745
-7.091618721025 -7.091618721025 -6.7128906
-5.08373291317 -5.08373291317 -5.148378
-3.37385555927 -3.37385555927 -3.6405005
-1.8352742007150002 -1.8352742007150002 -2.1548948
-1.0717537009350002 -1.0717537009350002 -1.3472241
-0.677713042365 -0.677713042365 -0.8969207
8.04726252 8.04726252 8.887215
-2.86730981024 -2.86730981024 -1.6088465
-3.72991410703 -3.72991410703 -3.1674697
-2.731479856545 -2.731479856545 -2.5584815
-1.8168151241200001 -1.8168151241200001 -1.7931522
-1.01507900156 -1.01507900156 -1.0457267
-0.623472155235 -0.623472155235 -0.65628874
-0.41639988916 -0.41639988916 -0.44280824
9.349088890955 9.349088890955 10.424459
0.25890843150000004 0.25890843150000004 1.9776263
-4.003298941665 -4.003298941665 -2.5323534
-5.580925055900001 -5.580925055900001 -4.563404
-5.325227952215 -5.325227952215 -5.01426
-3.9399811496800003 -3.9399811496800003 -3.946177
-2.7380161963250003 -2.7380161963250003 -2.8487165
-1.8997580297600003 -1.8997580297600003 -2.0286815
-1.143183263975 -1.143183263975 -1.2525849
-0.72920264179 -0.72920264179 -0.8105399
-0.48941210360000004 -0.48941210360000004 -0.5507331
4.267899457165001 4.267899457165001 5.0092516
-2.7860096799500003 -2.7860096799500003 -1.1116817
-5.482824272345001 -5.482824272345001 -3.8602848
-6.04759686384 -6.04759686384 -4.7714105
-4.92264614832 -4.92264614832 -4.3186316
-3.38580168929 -3.38580168929 -3.1520958
-2.229557192935 -2.229557192935 -2.1553543
-1.466144863755 -1.466144863755 -1.4502802
-0.8039807937850001 -0.8039807937850001 -0.8074298
-0.45876120269500004 -0.45876120269500004 -0.4598783
-0.27095291275 -0.27095291275 -0.2690462
13.92681289108 13.92681289108 14.209459
4.381031674555 4.381031674555 5.306406
-0.491118074735 -0.491118074735 0.6281581
-2.690693449185 -2.690693449185 -1.5587968
-3.4344502089100004 -3.4344502089100004 -2.4702134
-2.666648280025 -2.666648280025 -1.9216174
-1.821851069415 -1.821851069415 -1.2689738
-1.2052324406150001 -1.2052324406150001 -0.79421324
-0.661253835375 -0.661253835375 -0.385166
-0.384983812535 -0.384983812535 -0.1871661
-0.239671891845 -0.239671891845 -0.091238946
6.844890509125001 6.844890509125001 9.001034
0.09678322889 0.09678322889 2.2778697
-2.9014457998450003 -2.9014457998450003 -1.1030611
-3.954198415965 -3.954198415965 -2.5869234
-3.7462599449300003 -3.7462599449300003 -3.0244575
-2.8100104519049998 -2.8100104519049998 -2.4421628
-1.9945777784750003 -1.9945777784750003 -1.8076847
-1.4118706065200002 -1.4118706065200002 -1.3186382
-0.869947794035 -0.869947794035 -0.8405915
-0.563602878735 -0.563602878735 -0.5607426
-0.38236647784 -0.38236647784 -0.39080888
8.995267846805001 8.995267846805001 1.7652864
-1.5090355568550002 -1.5090355568550002 -4.8819637
-5.576278367235 -5.576278367235 -7.338526
-6.191090888330001 -6.191090888330001 -7.0758114
-4.446172639995 -4.446172639995 -5.182055
-2.9307198097850002 -2.9307198097850002 -3.5699942
-1.9347468605300002 -1.9347468605300002 -2.4630847
-1.100163606315 -1.100163606315 -1.4759008
-0.6769655625150001 -0.6769655625150001 -0.9406865
-0.44500983138500005 -0.44500983138500005 -0.6326309
8.417765492305 8.417765492305 9.930841
-3.323233057475 -3.323233057475 -0.4183669
-7.512479308430001 -7.512479308430001 -5.0450506
-7.625279715130001 -7.625279715130001 -6.6780176
-5.389425522995 -5.389425522995 -5.2678556
-3.539018964225 -3.539018964225 -3.707556
-2.327536179545 -2.327536179545 -2.5603664
-1.31575940061 -1.31575940061 -1.5203019
-0.80679141779 -0.80679141779 -0.96370417
-0.53126645934 -0.53126645934 -0.64935905
12.294903750440001 12.294903750440001 9.778751
0.7347564144500001 0.7347564144500001 0.2227745
-4.443347024385001 -4.443347024385001 -4.399249
-6.3456642077600005 -6.3456642077600005 -6.4492702
-4.901760873430001 -4.901760873430001 -5.2802925
-3.317398251295 -3.317398251295 -3.7898746
-2.18514016541 -2.18514016541 -2.6418722
-1.20251407668 -1.20251407668 -1.570421
-0.7052040752550001 -0.7052040752550001 -0.9869677
-0.44122871756000004 -0.44122871756000004 -0.65580064
7.466846201815001 7.466846201815001 1.7113857
-5.54489206378 -5.54489206378 -6.187935
-6.322567342945001 -6.322567342945001 -6.308472
-4.66441357303 -4.66441357303 -4.7430983
-3.112508012015 -3.112508012015 -3.282858
-1.670856936605 -1.670856936605 -1.8594649
-0.9458114327500001 -0.9458114327500001 -1.098305
-0.571913951495 -0.571913951495 -0.68547547
11.470766021720001 11.470766021720001 7.5630636
-5.232314841600001 -5.232314841600001 -3.7650137
-5.98823856215 -5.98823856215 -4.87581
-4.140630917655001 -4.140630917655001 -3.6630676
-2.5990736073600003 -2.5990736073600003 -2.418421
-1.305341232825 -1.305341232825 -1.2484009
-0.7063965511000001 -0.7063965511000001 -0.67365503
-0.41349424831000003 -0.41349424831000003 -0.38904655
11.537305144674999 11.537305144674999 3.7790408
-3.3103820226250003 -3.3103820226250003 -4.6054916
-7.543053229675 -7.543053229675 -7.4404845
-6.57589178228 -6.57589178228 -6.8776507
-4.09368553363 -4.09368553363 -4.7830005
-2.474949918005 -2.474949918005 -3.1971095
-1.554881670285 -1.554881670285 -2.1891372
-0.852623327265 -0.852623327265 -1.3358694
-0.5165396885250001 -0.5165396885250001 -0.8834956
-0.33756132265 -0.33756132265 -0.62115866
-1.7871481818500001 -1.7871481818500001 -0.75193214
-9.323038469915002 -9.323038469915002 -8.107512
-7.3603656886749995 -7.3603656886749995 -7.1579685
-4.7702903261900005 -4.7702903261900005 -4.995038
-2.98389067439 -2.98389067439 -3.2850156
-1.527945930645 -1.527945930645 -1.7665683
-0.847552804135 -0.847552804135 -1.0105867
-0.50831024256 -0.50831024256 -0.61888134
7.07164971938 7.07164971938 8.221622
-0.8966008723450001 -0.8966008723450001 1.0543454
-3.942910708835 -3.942910708835 -2.1949415
-4.399257738025001 -4.399257738025001 -3.4978957
-3.0842630405450002 -3.0842630405450002 -2.6919088
-1.940944747105 -1.940944747105 -1.7582963
-1.19727252848 -1.19727252848 -1.0927322
-0.598178403295 -0.598178403295 -0.5336523
-0.319124667825 -0.319124667825 -0.2699207
-0.18211870017 -0.18211870017 -0.14358811
8.906173132115 8.906173132115 10.156562
-5.075965975285 -5.075965975285 -0.43971205
-9.676881358225002 -9.676881358225002 -5.0788226
-9.056093015345 -9.056093015345 -6.4442673
-6.042920454515 -6.042920454515 -4.803632
-3.745410096835 -3.745410096835 -3.1470656
-2.30937803776 -2.30937803776 -1.9879354
-1.1558487809950002 -1.1558487809950002 -0.9967695
-0.6058014900350001 -0.6058014900350001 -0.51090425
-0.32862855774500005 -0.32862855774500005 -0.26594558
6.667111025315001 6.667111025315001 16.808254
-6.081588188395001 -6.081588188395001 2.3996987
-10.086397238895001 -10.086397238895001 -6.530505
-7.0904015917350005 -7.0904015917350005 -6.1337953
-4.28044196951 -4.28044196951 -4.2284536
-2.50762387168 -2.50762387168 -2.6828268
-1.158557771895 -1.158557771895 -1.3331825
-0.5729538857900001 -0.5729538857900001 -0.69100624
-0.302777307135 -0.302777307135 -0.37871775
10.4977745203 10.4977745203 10.815895
1.13663865387 1.13663865387 2.7436461
-2.8696852838750004 -2.8696852838750004 -1.183285
-4.18552478849 -4.18552478849 -2.8104215
-3.7963982782700003 -3.7963982782700003 -3.102392
-2.6027111588450005 -2.6027111588450005 -2.301769
-1.6544621068750003 -1.6544621068750003 -1.530913
-1.035928228335 -1.035928228335 -0.98309624
-0.51899959824 -0.51899959824 -0.49950236
-0.26525366113500004 -0.26525366113500004 -0.25332898
-0.13608958939000002 -0.13608958939000002 -0.12733375
6.994945710625001 6.994945710625001 12.537242
-0.69808479571 -0.69808479571 4.8470764
-2.7674615463950003 -2.7674615463950003 1.560158
-2.065564209625 -2.065564209625 0.1639736
-0.7712399948800002 -0.7712399948800002 0.45618555
-0.04437546586 -0.04437546586 0.7426384
0.27257379143 0.27257379143 0.84220356
0.402818203915 0.402818203915 0.7955276
0.38720574693 0.38720574693 0.67597204
0.33579218198500005 0.33579218198500005 0.55586463
3.1120459765250006 3.1120459765250006 5.70413
-7.224336091960001 -7.224336091960001 -1.5981419
-10.00188903641 -10.00188903641 -5.5305214
-7.089229043435 -7.089229043435 -4.6621695
-4.426948518955 -4.426948518955 -3.1816828
-2.7059918963700005 -2.7059918963700005 -2.0369275
-1.3285025536650001 -1.3285025536650001 -1.0226041
-0.6862076638300001 -0.6862076638300001 -0.5230389
-0.36982543577500004 -0.36982543577500004 -0.2740578
5.98356076131 5.98356076131 4.9520254
-0.19855826842000002 -0.19855826842000002 0.16358423
-2.4670867818000004 -2.4670867818000004 -1.7047989
-2.701357337515 -2.701357337515 -2.008293
-1.74757086975 -1.74757086975 -1.2712692
-0.9944935325150001 -0.9944935325150001 -0.66756964
-0.539903908005 -0.539903908005 -0.30461454
-0.20093308568000004 -0.20093308568000004 -0.04507246
-0.05877717352 -0.05877717352 0.05181188
0.00163573901 0.00163573901 0.083986245
8.09736467395 8.09736467395 9.778578
-1.14974378461 -1.14974378461 2.1465712
-4.63627545941 -4.63627545941 -1.6125335
-5.2006979142250005 -5.2006979142250005 -3.6169424
-3.77800539053 -3.77800539053 -3.1072905
-2.5223435011350004 -2.5223435011350004 -2.258529
-1.6864502536950001 -1.6864502536950001 -1.5900029
-0.98094960196 -0.98094960196 -0.9711898
-0.6201349084400001 -0.6201349084400001 -0.63588214
-0.41985105640000003 -0.41985105640000003 -0.44266987
8.04827659312 8.04827659312 6.008901
-2.483707745845 -2.483707745845 -0.49847198
-7.41781422792 -7.41781422792 -4.5969706
-6.115312368325 -6.115312368325 -4.3300796
-4.25421695272 -4.25421695272 -3.2491775
-2.87727121979 -2.87727121979 -2.296743
-1.6572037852500001 -1.6572037852500001 -1.3619273
-1.0218146693 -1.0218146693 -0.84450644
-0.67108614909 -0.67108614909 -0.55238825
3.94896534813 3.94896534813 7.5252404
-4.30825210567 -4.30825210567 -0.8995056
-4.28003401932 -4.28003401932 -2.2174878
-2.98313894123 -2.98313894123 -1.8032706
-1.9219022844100002 -1.9219022844100002 -1.2117655
-0.9963891435150001 -0.9963891435150001 -0.6114077
-0.55147692822 -0.55147692822 -0.3099231
-0.32880299596500007 -0.32880299596500007 -0.16401754
13.220477619150001 13.220477619150001 10.068052
0.8213614200000001 0.8213614200000001 1.1895928
-3.9785610868400005 -3.9785610868400005 -2.927448
-5.0423245773700005 -5.0423245773700005 -4.6275063
-3.48059300384 -3.48059300384 -3.6304145
-2.11930302239 -2.11930302239 -2.4522939
-1.260156692885 -1.260156692885 -1.5955274
-0.5935587047700001 -0.5935587047700001 -0.84968996
-0.297572568445 -0.297572568445 -0.47871226
-0.15958904837500001 -0.15958904837500001 -0.28652573
6.006978724775 6.006978724775 5.2059445
0.317427702155 0.317427702155 -0.22371387
-2.44856750249 -2.44856750249 -2.933484
-3.686714628875 -3.686714628875 -4.160925
-2.96913510184 -2.96913510184 -3.423857
-2.0581671259250003 -2.0581671259250003 -2.4764435
-1.3709655790700002 -1.3709655790700002 -1.7426504
-0.755793049415 -0.755793049415 -1.0557674
-0.44433211107000004 -0.44433211107000004 -0.6789589
-0.280355589645 -0.280355589645 -0.46576878
8.237025389675 8.237025389675 4.486688
-0.824496503295 -0.824496503295 -1.6499777
-5.81576857448 -5.81576857448 -5.5492187
-5.20286098491 -5.20286098491 -5.259877
-3.8217812184450004 -3.8217812184450004 -4.1378145
-2.712855557235 -2.712855557235 -3.1129892
-1.67865485539 -1.67865485539 -2.0495603
-1.1123175971700001 -1.1123175971700001 -1.4129759
-0.7828406091000001 -0.7828406091000001 -1.0220547
3.067556196395 3.067556196395 1.2994399
-1.753273166945 -1.753273166945 -1.7104497
-1.9735608872700001 -1.9735608872700001 -1.6661273
-1.3464702679350002 -1.3464702679350002 -1.101651
-0.635464599075 -0.635464599075 -0.49909034
-0.30083761399000003 -0.30083761399000003 -0.2188533
-0.15046982046000001 -0.15046982046000001 -0.09671683
-3.9250379326450004 -3.9250379326450004 0.65688586
-5.69620382958 -5.69620382958 -2.9891899
-3.952173525345 -3.952173525345 -2.7550468
-2.392893013595 -2.392893013595 -1.9107299
-1.0996973437700002 -1.0996973437700002 -0.9805022
-0.536392984385 -0.536392984385 -0.50908893
-0.28092130613 -0.28092130613 -0.28014436
4.380133963595 4.380133963595 1.6423559
-3.29706866348 -3.29706866348 -3.3183827
-7.1967420607050006 -7.1967420607050006 -6.0515327
-6.02383472358 -6.02383472358 -5.179909
-4.22698453158 -4.22698453158 -3.7472847
-2.8302138844450004 -2.8302138844450004 -2.5754955
-1.56172711018 -1.56172711018 -1.4582666
-0.9074061438500001 -0.9074061438500001 -0.8560329
-0.5593593881050001 -0.5593593881050001 -0.52702725
13.15197354574 13.15197354574 13.47514
-0.7677365276800001 -0.7677365276800001 3.6954198
-7.3322290453350005 -7.3322290453350005 -3.3528233
-5.83045908714 -5.83045908714 -3.8194954
-3.6747302190650006 -3.6747302190650006 -2.8208487
-2.15600304904 -2.15600304904 -1.8317623
-0.93627204607 -0.93627204607 -0.8795692
-0.398103120975 -0.398103120975 -0.4028079
-0.15500694701 -0.15500694701 -0.17223786
6.9798741328950005 6.9798741328950005 11.720061
-0.733213696905 -0.733213696905 3.9705281
-3.8631664498450005 -3.8631664498450005 0.022600174
-4.573179207115 -4.573179207115 -2.389256
-3.3614415651500003 -3.3614415651500003 -2.2041588
-2.2141383140650004 -2.2141383140650004 -1.5659031
-1.4278880206250002 -1.4278880206250002 -1.0237514
-0.7601022300550001 -0.7601022300550001 -0.51817924
-0.43000551896500006 -0.43000551896500006 -0.26197645
-0.25949945780500006 -0.25949945780500006 -0.13373367
3.09833774218 3.09833774218 1.533781
-5.94269196576 -5.94269196576 -3.9495225
-6.0197014251850005 -6.0197014251850005 -4.268902
-4.559908827405 -4.559908827405 -3.397114
-3.2624614228800004 -3.2624614228800004 -2.50133
-2.006593064165 -2.006593064165 -1.5590051
-1.3067481595100001 -1.3067481595100001 -1.0102656
-0.899402648415 -0.899402648415 -0.6882375
8.52668585634 8.52668585634 7.850045
-0.074458628645 -0.074458628645 0.7542298
-3.7356406901 -3.7356406901 -2.674733
-4.861455273885 -4.861455273885 -3.9966009
-4.27147158119 -4.27147158119 -3.913962
-2.9755767660900005 -2.9755767660900005 -2.900197
-1.96796657689 -1.96796657689 -2.0036263
-1.3051095587050001 -1.3051095587050001 -1.3749422
-0.736026552585 -0.736026552585 -0.8092696
-0.442576570495 -0.442576570495 -0.5044252
-0.28266164506 -0.28266164506 -0.3332221
13.48055387305 13.48055387305 20.39037
-0.27550440078500005 -0.27550440078500005 7.0926223
-5.304889700250001 -5.304889700250001 0.3057263
-6.14475658943 -6.14475658943 -3.9921632
-4.402807046455 -4.402807046455 -3.8708434
-2.8417457368200005 -2.8417457368200005 -2.8478198
-1.7784413674750001 -1.7784413674750001 -1.9229169
-0.899090528975 -0.899090528975 -1.0552613
-0.48921353703500003 -0.48921353703500003 -0.61816084
-0.28841511325 -0.28841511325 -0.3911999
11.351743416315001 11.351743416315001 10.569659
0.9844209592950001 0.9844209592950001 1.1324277
-2.3743926116300003 -2.3743926116300003 -2.103082
-2.36161839891 -2.36161839891 -2.2426028
-1.586245053125 -1.586245053125 -1.5834808
-0.750830119275 -0.750830119275 -0.80931675
-0.37301523449 -0.37301523449 -0.4349647
-0.205384332125 -0.205384332125 -0.25904867
8.584818994710002 8.584818994710002 9.884276
0.533685043685 0.533685043685 2.1452837
-4.5855529523200005 -4.5855529523200005 -3.322805
-4.10800028473 -4.10800028473 -3.3009658
-2.7273472932900003 -2.7273472932900003 -2.2370157
-1.66140290493 -1.66140290493 -1.3604932
-0.77614484896 -0.77614484896 -0.621948
-0.38024271089 -0.38024271089 -0.29387555
-0.19814729890500002 -0.19814729890500002 -0.14622346
3.350219836835 3.350219836835 9.198484
-5.346719875135001 -5.346719875135001 -0.2215873
-4.87053496177 -4.87053496177 -1.7875268
-3.1369973107550004 -3.1369973107550004 -1.3744359
-1.81238291255 -1.81238291255 -0.75718
-0.733227664565 -0.733227664565 -0.16090198
-0.260195950445 -0.260195950445 0.09870943
-0.05397471394 -0.05397471394 0.19212939
-3.7975453854750003 -3.7975453854750003 -1.5106664
-6.658666235840001 -6.658666235840001 -4.3644505
-5.069889465575 -5.069889465575 -3.8284373
-3.3936600733400004 -3.3936600733400004 -2.7967117
-1.83988234704 -1.83988234704 -1.6338519
-1.05935044511 -1.05935044511 -0.9782273
-0.65206020079 -0.65206020079 -0.6165845
12.787583735125 12.787583735125 15.331152
2.4466237923300005 2.4466237923300005 5.655564
-2.059015162425 -2.059015162425 0.7399659
-3.83575982678 -3.83575982678 -2.29005
-2.935142517045 -2.935142517045 -2.1802998
-1.9231594263200003 -1.9231594263200003 -1.5467407
-1.2214200133750002 -1.2214200133750002 -1.0158621
-0.634749622915 -0.634749622915 -0.5322213
-0.35255282263000004 -0.35255282263000004 -0.2884811
-0.20939641118500002 -0.20939641118500002 -0.16496874
13.05432411189 13.05432411189 9.943897
2.1765090704550003 2.1765090704550003 1.9804051
-4.11000217597 -4.11000217597 -3.4193416
-3.8384462383800004 -3.8384462383800004 -3.6030524
-2.664834899685 -2.664834899685 -2.7304103
-1.7490799808950002 -1.7490799808950002 -1.9109056
-0.9577591118150001 -0.9577591118150001 -1.1109337
-0.5671058733450001 -0.5671058733450001 -0.6792696
-0.36179429382500006 -0.36179429382500006 -0.4415086
1.588991536165 1.588991536165 3.0586975
-4.250943820635 -4.250943820635 -2.7364564
-3.4974884114000004 -3.4974884114000004 -2.8238835
-2.0935278850250003 -2.0935278850250003 -1.875039
-0.8518901038800001 -0.8518901038800001 -0.8284004
-0.34655310879500006 -0.34655310879500006 -0.34981406
-0.14324481203 -0.14324481203 -0.14751385
8.055296707530001 8.055296707530001 10.524959
-3.6994807288 -3.6994807288 -1.277052
-4.02669831659 -4.02669831659 -2.9059405
-2.642469630445 -2.642469630445 -2.1868925
-1.5455355729150002 -1.5455355729150002 -1.3504617
-0.676976799655 -0.676976799655 -0.60089713
-0.31256645763 -0.31256645763 -0.26917788
-0.15365376431 -0.15365376431 -0.12359207
0.26291869896500003 0.26291869896500003 5.0332475
-8.169804818195 -8.169804818195 -2.7795367
-10.208406376805 -10.208406376805 -6.0333157
-8.18653857372 -8.18653857372 -6.5732746
-5.2582878629000005 -5.2582878629000005 -4.911633
-3.2461292375800004 -3.2461292375800004 -3.3284285
-2.02868992854 -2.02868992854 -2.2138536
-1.0640880023300001 -1.0640880023300001 -1.2395824
-0.606367075245 -0.606367075245 -0.7416639
-0.372088144185 -0.372088144185 -0.4737946
9.73852413372 9.73852413372 9.359629
-1.23111910922 -1.23111910922 1.2393451
-5.50356186286 -5.50356186286 -2.6760828
-6.207971619345 -6.207971619345 -4.491767
-4.42337692003 -4.42337692003 -3.6719344
-2.863608196555 -2.863608196555 -2.5851905
-1.8386100822500002 -1.8386100822500002 -1.7561342
-0.991628639425 -0.991628639425 -0.99986655
-0.575537456555 -0.575537456555 -0.6017933
-0.35636809421 -0.35636809421 -0.38426366
-1.030217083205 -1.030217083205 -2.3775907
-8.509033648405001 -8.509033648405001 -7.4347343
-10.51424927025 -10.51424927025 -9.316975
-7.868185776640001 -7.868185776640001 -7.5312815
-5.26205955118 -5.26205955118 -5.432369
-3.4454861305900004 -3.4454861305900004 -3.8078742
-1.8790453027300003 -1.8790453027300003 -2.2692804
-1.091416910595 -1.091416910595 -1.4220378
-0.67652172174 -0.67652172174 -0.9417148
5.8991545594999995 5.8991545594999995 11.162529
-3.5230742239600006 -3.5230742239600006 -0.36411405
-3.9352165498100002 -3.9352165498100002 -2.780353
-2.80136628196 -2.80136628196 -2.4482431
-1.7417539957350001 -1.7417539957350001 -1.649373
-0.8230390357350001 -0.8230390357350001 -0.82347304
-0.4219582827000001 -0.4219582827000001 -0.4357673
-0.24034958590500002 -0.24034958590500002 -0.25416514
