2.171539681585 2.171539681585 3.3860974
-4.21140428948 -4.21140428948 -2.0498748
-6.7040848916149995 -6.7040848916149995 -4.627923
-6.827436473930001 -6.827436473930001 -5.5985403
-5.172466175275 -5.172466175275 -4.6220274
-3.599263844755 -3.599263844755 -3.4191518
-2.4529448936200002 -2.4529448936200002 -2.443159
-1.4032880045500002 -1.4032880045500002 -1.471802
-0.8416726030600001 -0.8416726030600001 -0.91261476
-0.531330705325 -0.531330705325 -0.5879417
7.015935742965 7.015935742965 7.434218
0.803090434225 0.803090434225 1.8577666
-2.0578910546 -2.0578910546 -0.990909
-3.1421587812050005 -3.1421587812050005 -2.2535458
-3.11349995217 -3.11349995217 -2.6089492
-2.320554817515 -2.320554817515 -2.067673
-1.602121451625 -1.602121451625 -1.4835122
-1.089567770945 -1.089567770945 -1.0389771
-0.626636617875 -0.626636617875 -0.61702454
-0.37987960424000006 -0.37987960424000006 -0.3810669
-0.24255511092500004 -0.24255511092500004 -0.24657075
1.9945150815350003 1.9945150815350003 -0.0809288
-3.64622865748 -3.64622865748 -3.6631281
-5.6547288585899995 -5.6547288585899995 -5.221094
-4.30478581555 -4.30478581555 -4.278041
-2.8763787860850005 -2.8763787860850005 -3.0809546
-1.8849253200200002 -1.8849253200200002 -2.1508865
-1.0401626347350001 -1.0401626347350001 -1.2753384
-0.618322762085 -0.618322762085 -0.79614395
-0.39468905205 -0.39468905205 -0.52394015
9.707465807725 9.707465807725 16.800182
-3.1444226973450005 -3.1444226973450005 2.6509593
-3.3195902549900005 -3.3195902549900005 -0.5411339
-1.918211277745 -1.918211277745 -0.7201031
-0.92548113605 -0.92548113605 -0.37625414
-0.23165792066500002 -0.23165792066500002 -0.0056076646
0.005468732715000001 0.005468732715000001 0.12951861
0.07867846352 0.07867846352 0.15728815
3.194685636915 3.194685636915 3.4174166
-7.245466719825 -7.245466719825 -5.463026
-7.091618721025 -7.091618721025 -6.2048273
-5.08373291317 -5.08373291317 -4.9210744
-3.37385555927 -3.37385555927 -3.5542068
-1.8352742007150002 -1.8352742007150002 -2.1381176
-1.0717537009350002 -1.0717537009350002 -1.3443918
-0.677713042365 -0.677713042365 -0.89648443
8.04726252 8.04726252 8.551969
-2.86730981024 -2.86730981024 -1.0231085
-3.72991410703 -3.72991410703 -2.791605
-2.731479856545 -2.731479856545 -2.4044893
-1.8168151241200001 -1.8168151241200001 -1.7417268
-1.01507900156 -1.01507900156 -1.0377079
-0.623472155235 -0.623472155235 -0.6552103
-0.41639988916 -0.41639988916 -0.4426748
9.349088890955 9.349088890955 9.648927
0.25890843150000004 0.25890843150000004 2.1530151
-4.003298941665 -4.003298941665 -2.0042434
-5.580925055900001 -5.580925055900001 -3.9938993
-5.325227952215 -5.325227952215 -4.65574
-3.9399811496800003 -3.9399811496800003 -3.7836442
-2.7380161963250003 -2.7380161963250003 -2.7861276
-1.8997580297600003 -1.8997580297600003 -2.0068533
-1.143183263975 -1.143183263975 -1.2485816
-0.72920264179 -0.72920264179 -0.8098661
-0.48941210360000004 -0.48941210360000004 -0.5506252
4.267899457165001 4.267899457165001 4.665848
-2.7860096799500003 -2.7860096799500003 -0.7493608
-5.482824272345001 -5.482824272345001 -3.3163857
-6.04759686384 -6.04759686384 -4.264722
-4.92264614832 -4.92264614832 -4.028602
-3.38580168929 -3.38580168929 -3.0205984
-2.229557192935 -2.229557192935 -2.102193
-1.466144863755 -1.466144863755 -1.4302256
-0.8039807937850001 -0.8039807937850001 -0.8031501
-0.45876120269500004 -0.45876120269500004 -0.4590213
-0.27095291275 -0.27095291275 -0.26888138
13.92681289108 13.92681289108 13.943815
4.381031674555 4.381031674555 5.933778
-0.491118074735 -0.491118074735 1.4809144
-2.690693449185 -2.690693449185 -0.7763052
-3.4344502089100004 -3.4344502089100004 -2.0274837
-2.666648280025 -2.666648280025 -1.7257843
-1.821851069415 -1.821851069415 -1.1931225
-1.2052324406150001 -1.2052324406150001 -0.7672306
-0.661253835375 -0.661253835375 -0.38001072
-0.384983812535 -0.384983812535 -0.18625824
-0.239671891845 -0.239671891845 -0.09108693
6.844890509125001 6.844890509125001 8.545262
0.09678322889 0.09678322889 2.5794148
-2.9014457998450003 -2.9014457998450003 -0.58659005
-3.954198415965 -3.954198415965 -2.0900407
-3.7462599449300003 -3.7462599449300003 -2.732723
-2.8100104519049998 -2.8100104519049998 -2.3077254
-1.9945777784750003 -1.9945777784750003 -1.7522448
-1.4118706065200002 -1.4118706065200002 -1.2971283
-0.869947794035 -0.869947794035 -0.83571434
-0.563602878735 -0.563602878735 -0.5596836
-0.38236647784 -0.38236647784 -0.39058495
8.995267846805001 8.995267846805001 3.1207328
-1.5090355568550002 -1.5090355568550002 -3.3963952
-5.576278367235 -5.576278367235 -6.1173153
-6.191090888330001 -6.191090888330001 -6.4882774
-4.446172639995 -4.446172639995 -4.9558654
-2.9307198097850002 -2.9307198097850002 -3.4930084
-1.9347468605300002 -1.9347468605300002 -2.4389033
-1.100163606315 -1.100163606315 -1.472056
-0.6769655625150001 -0.6769655625150001 -0.94012415
-0.44500983138500005 -0.44500983138500005 -0.63255316
8.417765492305 8.417765492305 9.733561
-3.323233057475 -3.323233057475 0.5234947
-7.512479308430001 -7.512479308430001 -3.9116697
-7.625279715130001 -7.625279715130001 -5.950956
-5.389425522995 -5.389425522995 -4.9377794
-3.539018964225 -3.539018964225 -3.5796714
-2.327536179545 -2.327536179545 -2.5154514
-1.31575940061 -1.31575940061 -1.5120234
-0.80679141779 -0.80679141779 -0.96231884
-0.53126645934 -0.53126645934 -0.6491411
12.294903750440001 12.294903750440001 10.455635
0.7347564144500001 0.7347564144500001 1.5186839
-4.443347024385001 -4.443347024385001 -3.096261
-6.3456642077600005 -6.3456642077600005 -5.6544394
-4.901760873430001 -4.901760873430001 -4.9156566
-3.317398251295 -3.317398251295 -3.6450508
-2.18514016541 -2.18514016541 -2.5892098
-1.20251407668 -1.20251407668 -1.5600158
-0.7052040752550001 -0.7052040752550001 -0.98506576
-0.44122871756000004 -0.44122871756000004 -0.6554687
7.466846201815001 7.466846201815001 3.2666435
-5.54489206378 -5.54489206378 -4.8734665
-6.322567342945001 -6.322567342945001 -5.6262717
-4.66441357303 -4.66441357303 -4.4544215
-3.112508012015 -3.112508012015 -3.174618
-1.670856936605 -1.670856936605 -1.8379724
-0.9458114327500001 -0.9458114327500001 -1.0944973
-0.571913951495 -0.571913951495 -0.68484914
11.470766021720001 11.470766021720001 8.42942
-5.232314841600001 -5.232314841600001 -2.5326078
-5.98823856215 -5.98823856215 -4.1997547
-4.140630917655001 -4.140630917655001 -3.38249
-2.5990736073600003 -2.5990736073600003 -2.3186922
-1.305341232825 -1.305341232825 -1.2308137
-0.7063965511000001 -0.7063965511000001 -0.6709675
-0.41349424831000003 -0.41349424831000003 -0.38867185
11.537305144674999 11.537305144674999 2.573688
-3.3103820226250003 -3.3103820226250003 -4.409711
-7.543053229675 -7.543053229675 -6.921375
-6.57589178228 -6.57589178228 -6.5486155
-4.09368553363 -4.09368553363 -4.661841
-2.474949918005 -2.474949918005 -3.1606476
-1.554881670285 -1.554881670285 -2.179324
-0.852623327265 -0.852623327265 -1.334663
-0.5165396885250001 -0.5165396885250001 -0.88336074
-0.33756132265 -0.33756132265 -0.6211444
-1.7871481818500001 -1.7871481818500001 0.79660034
-9.323038469915002 -9.323038469915002 -6.881506
-7.3603656886749995 -7.3603656886749995 -6.573136
-4.7702903261900005 -4.7702903261900005 -4.767303
-2.98389067439 -2.98389067439 -3.2063806
-1.527945930645 -1.527945930645 -1.7527825
-0.847552804135 -0.847552804135 -1.008434
-0.50831024256 -0.50831024256 -0.6185695
7.07164971938 7.07164971938 9.073074
-0.8966008723450001 -0.8966008723450001 2.250299
-3.942910708835 -3.942910708835 -1.1083777
-4.399257738025001 -4.399257738025001 -2.8987787
-3.0842630405450002 -3.0842630405450002 -2.4335093
-1.940944747105 -1.940944747105 -1.6614953
-1.19727252848 -1.19727252848 -1.0598816
-0.598178403295 -0.598178403295 -0.52796406
-0.319124667825 -0.319124667825 -0.26903847
-0.18211870017 -0.18211870017 -0.14346074
8.906173132115 8.906173132115 8.355617
-5.075965975285 -5.075965975285 -0.33678675
-9.676881358225002 -9.676881358225002 -4.394989
-9.056093015345 -9.056093015345 -5.8633194
-6.042920454515 -6.042920454515 -4.52766
-3.745410096835 -3.745410096835 -3.0396917
-2.30937803776 -2.30937803776 -1.950505
-1.1558487809950002 -1.1558487809950002 -0.9899952
-0.6058014900350001 -0.6058014900350001 -0.509796
-0.32862855774500005 -0.32862855774500005 -0.26577586
6.667111025315001 6.667111025315001 17.799183
-6.081588188395001 -6.081588188395001 4.2694907
-10.086397238895001 -10.086397238895001 -5.1131573
-7.0904015917350005 -7.0904015917350005 -5.4669013
-4.28044196951 -4.28044196951 -3.9701946
-2.50762387168 -2.50762387168 -2.5934322
-1.158557771895 -1.158557771895 -1.317207
-0.5729538857900001 -0.5729538857900001 -0.6884201
-0.302777307135 -0.302777307135 -0.37832397
10.4977745203 10.4977745203 10.527319
1.13663865387 1.13663865387 3.2575924
-2.8696852838750004 -2.8696852838750004 -0.48460758
-4.18552478849 -4.18552478849 -2.1797762
-3.7963982782700003 -3.7963982782700003 -2.7546608
-2.6027111588450005 -2.6027111588450005 -2.1490188
-1.6544621068750003 -1.6544621068750003 -1.471047
-1.035928228335 -1.035928228335 -0.96119756
-0.51899959824 -0.51899959824 -0.4950347
-0.26525366113500004 -0.26525366113500004 -0.2524714
-0.13608958939000002 -0.13608958939000002 -0.12717515
6.994945710625001 6.994945710625001 12.110358
-0.69808479571 -0.69808479571 5.339396
-2.7674615463950003 -2.7674615463950003 2.1795464
-2.065564209625 -2.065564209625 0.501893
-0.7712399948800002 -0.7712399948800002 0.57881033
-0.04437546586 -0.04437546586 0.7797348
0.27257379143 0.27257379143 0.85225314
0.402818203915 0.402818203915 0.7967683
0.38720574693 0.38720574693 0.6761105
0.33579218198500005 0.33579218198500005 0.5558792
3.1120459765250006 3.1120459765250006 4.979253
-7.224336091960001 -7.224336091960001 -1.2021472
-10.00188903641 -10.00188903641 -4.888883
-7.089229043435 -7.089229043435 -4.3105044
-4.426948518955 -4.426948518955 -3.0321424
-2.7059918963700005 -2.7059918963700005 -1.9808022
-1.3285025536650001 -1.3285025536650001 -1.0113443
-0.6862076638300001 -0.6862076638300001 -0.52100056
-0.36982543577500004 -0.36982543577500004 -0.27371255
5.98356076131 5.98356076131 5.465409
-0.19855826842000002 -0.19855826842000002 0.8770571
-2.4670867818000004 -2.4670867818000004 -1.0947456
-2.701357337515 -2.701357337515 -1.7224433
-1.74757086975 -1.74757086975 -1.1684557
-0.9944935325150001 -0.9944935325150001 -0.6353647
-0.539903908005 -0.539903908005 -0.29536247
-0.20093308568000004 -0.20093308568000004 -0.04378829
-0.05877717352 -0.05877717352 0.051976714
0.00163573901 0.00163573901 0.084006436
8.09736467395 8.09736467395 8.670229
-1.14974378461 -1.14974378461 2.2577662
-4.63627545941 -4.63627545941 -1.109605
-5.2006979142250005 -5.2006979142250005 -3.174706
-3.77800539053 -3.77800539053 -2.8893812
-2.5223435011350004 -2.5223435011350004 -2.172676
-1.6864502536950001 -1.6864502536950001 -1.5603857
-0.98094960196 -0.98094960196 -0.96607363
-0.6201349084400001 -0.6201349084400001 -0.6351
-0.41985105640000003 -0.41985105640000003 -0.44255885
8.04827659312 8.04827659312 5.9769335
-2.483707745845 -2.483707745845 0.14861655
-7.41781422792 -7.41781422792 -3.9334054
-6.115312368325 -6.115312368325 -3.9718761
-4.25421695272 -4.25421695272 -3.0919468
-2.87727121979 -2.87727121979 -2.2349222
-1.6572037852500001 -1.6572037852500001 -1.3484752
-1.0218146693 -1.0218146693 -0.8418468
-0.67108614909 -0.67108614909 -0.5518941
3.94896534813 3.94896534813 7.8805494
-4.30825210567 -4.30825210567 -0.16665435
-4.28003401932 -4.28003401932 -1.7821021
-2.98313894123 -2.98313894123 -1.6064734
-1.9219022844100002 -1.9219022844100002 -1.1338655
-0.9963891435150001 -0.9963891435150001 -0.5945518
-0.55147692822 -0.55147692822 -0.30662492
-0.32880299596500007 -0.32880299596500007 -0.16341005
13.220477619150001 13.220477619150001 9.078733
0.8213614200000001 0.8213614200000001 1.5549746
-3.9785610868400005 -3.9785610868400005 -2.1794786
-5.0423245773700005 -5.0423245773700005 -4.0531664
-3.48059300384 -3.48059300384 -3.3559465
-2.11930302239 -2.11930302239 -2.3433468
-1.260156692885 -1.260156692885 -1.5566303
-0.5935587047700001 -0.5935587047700001 -0.842358
-0.297572568445 -0.297572568445 -0.47745466
-0.15958904837500001 -0.15958904837500001 -0.28632233
6.006978724775 6.006978724775 5.76969
0.317427702155 0.317427702155 0.6892526
-2.44856750249 -2.44856750249 -2.0302434
-3.686714628875 -3.686714628875 -3.605729
-2.96913510184 -2.96913510184 -3.1668935
-2.0581671259250003 -2.0581671259250003 -2.3742197
-1.3709655790700002 -1.3709655790700002 -1.7057207
-0.755793049415 -0.755793049415 -1.0486478
-0.44433211107000004 -0.44433211107000004 -0.67770934
-0.280355589645 -0.280355589645 -0.4655623
8.237025389675 8.237025389675 4.478777
-0.824496503295 -0.824496503295 -0.9616177
-5.81576857448 -5.81576857448 -4.8187146
-5.20286098491 -5.20286098491 -4.8451242
-3.8217812184450004 -3.8217812184450004 -3.9448612
-2.712855557235 -2.712855557235 -3.0320034
-1.67865485539 -1.67865485539 -2.02988
-1.1123175971700001 -1.1123175971700001 -1.4085726
-0.7828406091000001 -0.7828406091000001 -1.021119
3.067556196395 3.067556196395 1.9270034
-1.753273166945 -1.753273166945 -1.231563
-1.9735608872700001 -1.9735608872700001 -1.4487067
-1.3464702679350002 -1.3464702679350002 -1.0235087
-0.635464599075 -0.635464599075 -0.48583993
-0.30083761399000003 -0.30083761399000003 -0.2169427
-0.15046982046000001 -0.15046982046000001 -0.09646458
-3.9250379326450004 -3.9250379326450004 1.8082495
-5.69620382958 -5.69620382958 -2.2692795
-3.952173525345 -3.952173525345 -2.4359617
-2.392893013595 -2.392893013595 -1.7917457
-1.0996973437700002 -1.0996973437700002 -0.9582869
-0.536392984385 -0.536392984385 -0.50554395
-0.28092130613 -0.28092130613 -0.27963528
4.380133963595 4.380133963595 1.6072345
-3.29706866348 -3.29706866348 -2.6916986
-7.1967420607050006 -7.1967420607050006 -5.366615
-6.02383472358 -6.02383472358 -4.794062
-4.22698453158 -4.22698453158 -3.5725572
-2.8302138844450004 -2.8302138844450004 -2.5051289
-1.56172711018 -1.56172711018 -1.4425311
-0.9074061438500001 -0.9074061438500001 -0.8528576
-0.5593593881050001 -0.5593593881050001 -0.5264279
13.15197354574 13.15197354574 12.986166
-0.7677365276800001 -0.7677365276800001 4.4133782
-7.3322290453350005 -7.3322290453350005 -2.3861542
-5.83045908714 -5.83045908714 -3.2576625
-3.6747302190650006 -3.6747302190650006 -2.563197
-2.15600304904 -2.15600304904 -1.7271488
-0.93627204607 -0.93627204607 -0.8559176
-0.398103120975 -0.398103120975 -0.39797604
-0.15500694701 -0.15500694701 -0.17131251
6.9798741328950005 6.9798741328950005 11.872082
-0.733213696905 -0.733213696905 4.7609067
-3.8631664498450005 -3.8631664498450005 0.91200995
-4.573179207115 -4.573179207115 -1.7957735
-3.3614415651500003 -3.3614415651500003 -1.9121237
-2.2141383140650004 -2.2141383140650004 -1.4410963
-1.4278880206250002 -1.4278880206250002 -0.9747318
-0.7601022300550001 -0.7601022300550001 -0.5072786
-0.43000551896500006 -0.43000551896500006 -0.25973952
-0.25949945780500006 -0.25949945780500006 -0.13329828
3.09833774218 3.09833774218 1.8894846
-5.94269196576 -5.94269196576 -3.288113
-6.0197014251850005 -6.0197014251850005 -3.8639529
-4.559908827405 -4.559908827405 -3.204793
-3.2624614228800004 -3.2624614228800004 -2.420595
-2.006593064165 -2.006593064165 -1.5397594
-1.3067481595100001 -1.3067481595100001 -1.0060987
-0.899402648415 -0.899402648415 -0.6873875
8.52668585634 8.52668585634 7.2968802
-0.074458628645 -0.074458628645 1.0389581
-3.7356406901 -3.7356406901 -2.13867
-4.861455273885 -4.861455273885 -3.475252
-4.27147158119 -4.27147158119 -3.6159892
-2.9755767660900005 -2.9755767660900005 -2.7706902
-1.96796657689 -1.96796657689 -1.9542882
-1.3051095587050001 -1.3051095587050001 -1.3575648
-0.736026552585 -0.736026552585 -0.80596715
-0.442576570495 -0.442576570495 -0.50384533
-0.28266164506 -0.28266164506 -0.3331259
13.48055387305 13.48055387305 18.864052
-0.27550440078500005 -0.27550440078500005 7.3299556
-5.304889700250001 -5.304889700250001 1.1223714
-6.14475658943 -6.14475658943 -3.2527895
-4.402807046455 -4.402807046455 -3.4732325
-2.8417457368200005 -2.8417457368200005 -2.6778316
-1.7784413674750001 -1.7784413674750001 -1.861702
-0.899090528975 -0.899090528975 -1.0448844
-0.48921353703500003 -0.48921353703500003 -0.61672425
-0.28841511325 -0.28841511325 -0.39102498
11.351743416315001 11.351743416315001 10.094971
0.9844209592950001 0.9844209592950001 1.4564168
-2.3743926116300003 -2.3743926116300003 -1.6976252
-2.36161839891 -2.36161839891 -2.0230377
-1.586245053125 -1.586245053125 -1.5030311
-0.750830119275 -0.750830119275 -0.797463
-0.37301523449 -0.37301523449 -0.43364
-0.205384332125 -0.205384332125 -0.25892115
8.584818994710002 8.584818994710002 10.30154
0.533685043685 0.533685043685 3.065803
-4.5855529523200005 -4.5855529523200005 -2.5158439
-4.10800028473 -4.10800028473 -2.9021828
-2.7273472932900003 -2.7273472932900003 -2.0838168
-1.66140290493 -1.66140290493 -1.3097266
-0.77614484896 -0.77614484896 -0.6138323
-0.38024271089 -0.38024271089 -0.2927497
-0.19814729890500002 -0.19814729890500002 -0.14608131
3.350219836835 3.350219836835 9.456539
-5.346719875135001 -5.346719875135001 0.53214884
-4.87053496177 -4.87053496177 -1.3248315
-3.1369973107550004 -3.1369973107550004 -1.1642462
-1.81238291255 -1.81238291255 -0.6747473
-0.733227664565 -0.733227664565 -0.14363432
-0.260195950445 -0.260195950445 0.101924025
-0.05397471394 -0.05397471394 0.19268464
-3.7975453854750003 -3.7975453854750003 -0.8041718
-6.658666235840001 -6.658666235840001 -3.7692156
-5.069889465575 -5.069889465575 -3.5273943
-3.3936600733400004 -3.3936600733400004 -2.670312
-1.83988234704 -1.83988234704 -1.6050552
-1.05935044511 -1.05935044511 -0.9724171
-0.65206020079 -0.65206020079 -0.615494
12.787583735125 12.787583735125 15.0954075
2.4466237923300005 2.4466237923300005 6.232766
-2.059015162425 -2.059015162425 1.4897742
-3.83575982678 -3.83575982678 -1.785464
-2.935142517045 -2.935142517045 -1.9468707
-1.9231594263200003 -1.9231594263200003 -1.4550098
-1.2214200133750002 -1.2214200133750002 -0.9830476
-0.634749622915 -0.634749622915 -0.5259151
-0.35255282263000004 -0.35255282263000004 -0.28736126
-0.20939641118500002 -0.20939641118500002 -0.164779
13.05432411189 13.05432411189 10.788211
2.1765090704550003 2.1765090704550003 3.248003
-4.11000217597 -4.11000217597 -2.4753094
-3.8384462383800004 -3.8384462383800004 -3.1342607
-2.664834899685 -2.664834899685 -2.5336032
-1.7490799808950002 -1.7490799808950002 -1.8357226
-0.9577591118150001 -0.9577591118150001 -1.0949744
-0.5671058733450001 -0.5671058733450001 -0.6761378
-0.36179429382500006 -0.36179429382500006 -0.44092298
1.588991536165 1.588991536165 4.3839126
-4.250943820635 -4.250943820635 -1.8094485
-3.4974884114000004 -3.4974884114000004 -2.4073002
-2.0935278850250003 -2.0935278850250003 -1.7249916
-0.8518901038800001 -0.8518901038800001 -0.80306447
-0.34655310879500006 -0.34655310879500006 -0.34625527
-0.14324481203 -0.14324481203 -0.14706753
8.055296707530001 8.055296707530001 11.559114
-3.6994807288 -3.6994807288 -0.112665415
-4.02669831659 -4.02669831659 -2.3085904
-2.642469630445 -2.642469630445 -1.9530207
-1.5455355729150002 -1.5455355729150002 -1.271968
-0.676976799655 -0.676976799655 -0.5881121
-0.31256645763 -0.31256645763 -0.2673488
-0.15365376431 -0.15365376431 -0.12334954
0.26291869896500003 0.26291869896500003 5.016515
-8.169804818195 -8.169804818195 -1.7630734
-10.208406376805 -10.208406376805 -4.870191
-8.18653857372 -8.18653857372 -5.8407784
-5.2582878629000005 -5.2582878629000005 -4.5792465
-3.2461292375800004 -3.2461292375800004 -3.1997216
-2.02868992854 -2.02868992854 -2.1690433
-1.0640880023300001 -1.0640880023300001 -1.231619
-0.606367075245 -0.606367075245 -0.7404161
-0.372088144185 -0.372088144185 -0.47361535
9.73852413372 9.73852413372 8.45282
-1.23111910922 -1.23111910922 1.6232986
-5.50356186286 -5.50356186286 -1.9169283
-6.207971619345 -6.207971619345 -3.8976514
-4.42337692003 -4.42337692003 -3.3795385
-2.863608196555 -2.863608196555 -2.465138
-1.8386100822500002 -1.8386100822500002 -1.7116722
-0.991628639425 -0.991628639425 -0.9909891
-0.575537456555 -0.575537456555 -0.6001797
-0.35636809421 -0.35636809421 -0.3839873
-1.030217083205 -1.030217083205 -1.6261225
-8.509033648405001 -8.509033648405001 -6.2910686
-10.51424927025 -10.51424927025 -8.439757
-7.868185776640001 -7.868185776640001 -7.079306
-5.26205955118 -5.26205955118 -5.235077
-3.4454861305900004 -3.4454861305900004 -3.7296424
-1.8790453027300003 -1.8790453027300003 -2.2518544
-1.091416910595 -1.091416910595 -1.418491
-0.67652172174 -0.67652172174 -0.9410348
5.8991545594999995 5.8991545594999995 10.871057
-3.5230742239600006 -3.5230742239600006 0.32564878
-3.9352165498100002 -3.9352165498100002 -2.2790096
-2.80136628196 -2.80136628196 -2.2152722
-1.7417539957350001 -1.7417539957350001 -1.5669348
-0.8230390357350001 -0.8230390357350001 -0.81118613
-0.4219582827000001 -0.4219582827000001 -0.43435928
-0.24034958590500002 -0.24034958590500002 -0.25402683
