2.171539681585 2.171539681585 2.720397
-4.21140428948 -4.21140428948 -2.820062
-6.7040848916149995 -6.7040848916149995 -5.3136816
-6.827436473930001 -6.827436473930001 -5.9990406
-5.172466175275 -5.172466175275 -4.8143754
-3.599263844755 -3.599263844755 -3.5022357
-2.4529448936200002 -2.4529448936200002 -2.4766526
-1.4032880045500002 -1.4032880045500002 -1.4796442
-0.8416726030600001 -0.8416726030600001 -0.9143168
-0.531330705325 -0.531330705325 -0.5882914
7.015935742965 7.015935742965 7.793782
0.803090434225 0.803090434225 1.737459
-2.0578910546 -2.0578910546 -1.2569205
-3.1421587812050005 -3.1421587812050005 -2.5193062
-3.11349995217 -3.11349995217 -2.7660959
-2.320554817515 -2.320554817515 -2.1385338
-1.602121451625 -1.602121451625 -1.5115433
-1.089567770945 -1.089567770945 -1.0492041
-0.626636617875 -0.626636617875 -0.6190635
-0.37987960424000006 -0.37987960424000006 -0.38144186
-0.24255511092500004 -0.24255511092500004 -0.24663614
1.9945150815350003 1.9945150815350003 -0.42725658
-3.64622865748 -3.64622865748 -4.1793113
-5.6547288585899995 -5.6547288585899995 -5.5883245
-4.30478581555 -4.30478581555 -4.4529743
-2.8763787860850005 -2.8763787860850005 -3.1515403
-1.8849253200200002 -1.8849253200200002 -2.1767535
-1.0401626347350001 -1.0401626347350001 -1.2804556
-0.618322762085 -0.618322762085 -0.797069
-0.39468905205 -0.39468905205 -0.5240979
9.707465807725 9.707465807725 16.440372
-3.1444226973450005 -3.1444226973450005 2.018982
-3.3195902549900005 -3.3195902549900005 -0.884074
-1.918211277745 -1.918211277745 -0.8582627
-0.92548113605 -0.92548113605 -0.42364526
-0.23165792066500002 -0.23165792066500002 -0.013502067
0.005468732715000001 0.005468732715000001 0.12837908
0.07867846352 0.07867846352 0.1571376
3.194685636915 3.194685636915 3.3182821
-7.245466719825 -7.245466719825 -5.9346504
-7.091618721025 -7.091618721025 -6.5051475
-5.08373291317 -5.08373291317 -5.058564
-3.37385555927 -3.37385555927 -3.6075232
-1.8352742007150002 -1.8352742007150002 -2.1488018
-1.0717537009350002 -1.0717537009350002 -1.3462485
-0.677713042365 -0.677713042365 -0.8967785
8.04726252 8.04726252 8.785175
-2.86730981024 -2.86730981024 -1.3569628
-3.72991410703 -3.72991410703 -3.0157807
-2.731479856545 -2.731479856545 -2.499176
-1.8168151241200001 -1.8168151241200001 -1.7742157
-1.01507900156 -1.01507900156 -1.0429686
-0.623472155235 -0.623472155235 -0.6559431
-0.41639988916 -0.41639988916 -0.44276845
9.349088890955 9.349088890955 10.175012
0.25890843150000004 0.25890843150000004 2.1033788
-4.003298941665 -4.003298941665 -2.2822769
-5.580925055900001 -5.580925055900001 -4.3131437
-5.325227952215 -5.325227952215 -4.8673906
-3.9399811496800003 -3.9399811496800003 -3.882758
-2.7380161963250003 -2.7380161963250003 -2.825336
-1.8997580297600003 -1.8997580297600003 -2.020864
-1.143183263975 -1.143183263975 -1.2512388
-0.72920264179 -0.72920264179 -0.81032735
-0.48941210360000004 -0.48941210360000004 -0.5507012
4.267899457165001 4.267899457165001 4.7969303
-2.7860096799500003 -2.7860096799500003 -1.0173433
-5.482824272345001 -5.482824272345001 -3.6802049
-6.04759686384 -6.04759686384 -4.5974455
-4.92264614832 -4.92264614832 -4.218926
-3.38580168929 -3.38580168929 -3.107849
-2.229557192935 -2.229557192935 -2.1379693
-1.466144863755 -1.466144863755 -1.4439272
-0.8039807937850001 -0.8039807937850001 -0.8061414
-0.45876120269500004 -0.45876120269500004 -0.45963365
-0.27095291275 -0.27095291275 -0.2690016
13.92681289108 13.92681289108 14.193571
4.381031674555 4.381031674555 5.623708
-0.491118074735 -0.491118074735 1.0099251
-2.690693449185 -2.690693449185 -1.2248098
-3.4344502089100004 -3.4344502089100004 -2.2916133
-2.666648280025 -2.666648280025 -1.8459698
-1.821851069415 -1.821851069415 -1.240826
-1.2052324406150001 -1.2052324406150001 -0.78458726
-0.661253835375 -0.661253835375 -0.38343328
-0.384983812535 -0.384983812535 -0.18687896
-0.239671891845 -0.239671891845 -0.091193736
6.844890509125001 6.844890509125001 8.931383
0.09678322889 0.09678322889 2.471497
-2.9014457998450003 -2.9014457998450003 -0.85445046
-3.954198415965 -3.954198415965 -2.366804
-3.7462599449300003 -3.7462599449300003 -2.9051964
-2.8100104519049998 -2.8100104519049998 -2.3900113
-1.9945777784750003 -1.9945777784750003 -1.787105
-1.4118706065200002 -1.4118706065200002 -1.3109686
-0.869947794035 -0.869947794035 -0.8389476
-0.563602878735 -0.563602878735 -0.560404
-0.38236647784 -0.38236647784 -0.39074072
8.995267846805001 8.995267846805001 2.2546024
-1.5090355568550002 -1.5090355568550002 -4.3289557
-5.576278367235 -5.576278367235 -6.8841295
-6.191090888330001 -6.191090888330001 -6.86157
-4.446172639995 -4.446172639995 -5.101858
-2.9307198097850002 -2.9307198097850002 -3.5435376
-1.9347468605300002 -1.9347468605300002 -2.4550462
-1.100163606315 -1.100163606315 -1.474688
-0.6769655625150001 -0.6769655625150001 -0.9405187
-0.44500983138500005 -0.44500983138500005 -0.632609
8.417765492305 8.417765492305 9.780769
-3.323233057475 -3.323233057475 -0.07892084
-7.512479308430001 -7.512479308430001 -4.6170354
-7.625279715130001 -7.625279715130001 -6.4035697
-5.389425522995 -5.389425522995 -5.1457505
-3.539018964225 -3.539018964225 -3.66149
-2.327536179545 -2.327536179545 -2.5446723
-1.31575940061 -1.31575940061 -1.5175518
-0.80679141779 -0.80679141779 -0.96326846
-0.53126645934 -0.53126645934 -0.64929426
12.294903750440001 12.294903750440001 10.010887
0.7347564144500001 0.7347564144500001 0.71643066
-4.443347024385001 -4.443347024385001 -3.9005368
-6.3456642077600005 -6.3456642077600005 -6.1513133
-4.901760873430001 -4.901760873430001 -5.147739
-3.317398251295 -3.317398251295 -3.7390044
-2.18514016541 -2.18514016541 -2.624035
-1.20251407668 -1.20251407668 -1.5670915
-0.7052040752550001 -0.7052040752550001 -0.98639363
-0.44122871756000004 -0.44122871756000004 -0.6557062
7.466846201815001 7.466846201815001 2.2808805
-5.54489206378 -5.54489206378 -5.6936307
-6.322567342945001 -6.322567342945001 -6.056232
-4.66441357303 -4.66441357303 -4.6391306
-3.112508012015 -3.112508012015 -3.245046
-1.670856936605 -1.670856936605 -1.8523244
-0.9458114327500001 -0.9458114327500001 -1.097106
-0.571913951495 -0.571913951495 -0.68528897
11.470766021720001 11.470766021720001 7.8214736
-5.232314841600001 -5.232314841600001 -3.2969632
-5.98823856215 -5.98823856215 -4.6189957
-4.140630917655001 -4.140630917655001 -3.5587966
-2.5990736073600003 -2.5990736073600003 -2.38245
-1.305341232825 -1.305341232825 -1.2423791
-0.7063965511000001 -0.7063965511000001 -0.67278546
-0.41349424831000003 -0.41349424831000003 -0.38893226
11.537305144674999 11.537305144674999 3.3014627
-3.3103820226250003 -3.3103820226250003 -4.4978676
-7.543053229675 -7.543053229675 -7.2098694
-6.57589178228 -6.57589178228 -6.7407055
-4.09368553363 -4.09368553363 -4.734638
-2.474949918005 -2.474949918005 -3.183105
-1.554881670285 -1.554881670285 -2.1855075
-0.852623327265 -0.852623327265 -1.3354478
-0.5165396885250001 -0.5165396885250001 -0.88345104
-0.33756132265 -0.33756132265 -0.6211542
-1.7871481818500001 -1.7871481818500001 -0.31762838
-9.323038469915002 -9.323038469915002 -7.69359
-7.3603656886749995 -7.3603656886749995 -6.9574804
-4.7702903261900005 -4.7702903261900005 -4.918012
-2.98389067439 -2.98389067439 -3.2590687
-1.527945930645 -1.527945930645 -1.7622328
-0.847552804135 -0.847552804135 -1.0099465
-0.50831024256 -0.50831024256 -0.6187941
7.07164971938 7.07164971938 8.4469595
-0.8966008723450001 -0.8966008723450001 1.4575815
-3.942910708835 -3.942910708835 -1.8111126
-4.399257738025001 -4.399257738025001 -3.282228
-3.0842630405450002 -3.0842630405450002 -2.5996192
-1.940944747105 -1.940944747105 -1.7243764
-1.19727252848 -1.19727252848 -1.0815182
-0.598178403295 -0.598178403295 -0.5318019
-0.319124667825 -0.319124667825 -0.26964927
-0.18211870017 -0.18211870017 -0.14355126
8.906173132115 8.906173132115 9.420538
-5.075965975285 -5.075965975285 -0.38328218
-9.676881358225002 -9.676881358225002 -4.790663
-9.056093015345 -9.056093015345 -6.210433
-6.042920454515 -6.042920454515 -4.6962085
-3.745410096835 -3.745410096835 -3.1066015
-2.30937803776 -2.30937803776 -1.9742838
-1.1558487809950002 -1.1558487809950002 -0.99442023
-0.6058014900350001 -0.6058014900350001 -0.51053953
-0.32862855774500005 -0.32862855774500005 -0.26589262
6.667111025315001 6.667111025315001 17.021616
-6.081588188395001 -6.081588188395001 3.0425982
-10.086397238895001 -10.086397238895001 -6.012411
-7.0904015917350005 -7.0904015917350005 -5.892655
-4.28044196951 -4.28044196951 -4.1373534
-2.50762387168 -2.50762387168 -2.6522322
-1.158557771895 -1.158557771895 -1.3279839
-0.5729538857900001 -0.5729538857900001 -0.6902087
-0.302777307135 -0.302777307135 -0.37860283
10.4977745203 10.4977745203 10.703096
1.13663865387 1.13663865387 2.948556
-2.8696852838750004 -2.8696852838750004 -0.910678
-4.18552478849 -4.18552478849 -2.568811
-3.7963982782700003 -3.7963982782700003 -2.9738364
-2.6027111588450005 -2.6027111588450005 -2.247298
-1.6544621068750003 -1.6544621068750003 -1.5103354
-1.035928228335 -1.035928228335 -0.9758458
-0.51899959824 -0.51899959824 -0.49810547
-0.26525366113500004 -0.26525366113500004 -0.25307596
-0.13608958939000002 -0.13608958939000002 -0.12728961
6.994945710625001 6.994945710625001 12.420246
-0.69808479571 -0.69808479571 5.083495
-2.7674615463950003 -2.7674615463950003 1.8294007
-2.065564209625 -2.065564209625 0.3015422
-0.7712399948800002 -0.7712399948800002 0.5039227
-0.04437546586 -0.04437546586 0.7564874
0.27257379143 0.27257379143 0.84580076
0.402818203915 0.402818203915 0.79594386
0.38720574693 0.38720574693 0.6760155
0.33579218198500005 0.33579218198500005 0.5558689
3.1120459765250006 3.1120459765250006 5.4556193
-7.224336091960001 -7.224336091960001 -1.3997371
-10.00188903641 -10.00188903641 -5.259853
-7.089229043435 -7.089229043435 -4.520439
-4.426948518955 -4.426948518955 -3.1235352
-2.7059918963700005 -2.7059918963700005 -2.015818
-1.3285025536650001 -1.3285025536650001 -1.0185701
-0.6862076638300001 -0.6862076638300001 -0.52234316
-0.36982543577500004 -0.36982543577500004 -0.27394554
5.98356076131 5.98356076131 5.178996
-0.19855826842000002 -0.19855826842000002 0.45838535
-2.4670867818000004 -2.4670867818000004 -1.4602963
-2.701357337515 -2.701357337515 -1.8988979
-1.74757086975 -1.74757086975 -1.2335681
-0.9944935325150001 -0.9944935325150001 -0.6562579
-0.539903908005 -0.539903908005 -0.30150577
-0.20093308568000004 -0.20093308568000004 -0.04466992
-0.05877717352 -0.05877717352 0.051859908
0.00163573901 0.00163573901 0.083991684
8.09736467395 8.09736467395 9.402929
-1.14974378461 -1.14974378461 2.2643433
-4.63627545941 -4.63627545941 -1.3552353
-5.2006979142250005 -5.2006979142250005 -3.4189665
-3.77800539053 -3.77800539053 -3.0151834
-2.5223435011350004 -2.5223435011350004 -2.2238529
-1.6864502536950001 -1.6864502536950001 -1.5785334
-0.98094960196 -0.98094960196 -0.9693272
-0.6201349084400001 -0.6201349084400001 -0.6356146
-0.41985105640000003 -0.41985105640000003 -0.4426342
8.04827659312 8.04827659312 5.873213
-2.483707745845 -2.483707745845 -0.31662774
-7.41781422792 -7.41781422792 -4.3679714
-6.115312368325 -6.115312368325 -4.2052402
-4.25421695272 -4.25421695272 -3.1951735
-2.87727121979 -2.87727121979 -2.2759933
-1.6572037852500001 -1.6572037852500001 -1.3575981
-1.0218146693 -1.0218146693 -0.84368986
-0.67108614909 -0.67108614909 -0.55224395
3.94896534813 3.94896534813 7.66342
-4.30825210567 -4.30825210567 -0.5961175
-4.28003401932 -4.28003401932 -2.0404994
-2.98313894123 -2.98313894123 -1.7251729
-1.9219022844100002 -1.9219022844100002 -1.1816561
-0.9963891435150001 -0.9963891435150001 -0.60516137
-0.55147692822 -0.55147692822 -0.30875382
-0.32880299596500007 -0.32880299596500007 -0.1638118
13.220477619150001 13.220477619150001 9.686904
0.8213614200000001 0.8213614200000001 1.3589272
-3.9785610868400005 -3.9785610868400005 -2.6126869
-5.0423245773700005 -5.0423245773700005 -4.3973565
-3.48059300384 -3.48059300384 -3.5242965
-2.11930302239 -2.11930302239 -2.411599
-1.260156692885 -1.260156692885 -1.581495
-0.5935587047700001 -0.5935587047700001 -0.8471827
-0.297572568445 -0.297572568445 -0.47830516
-0.15958904837500001 -0.15958904837500001 -0.28646344
6.006978724775 6.006978724775 5.4869094
0.317427702155 0.317427702155 0.17770457
-2.44856750249 -2.44856750249 -2.5536537
-3.686714628875 -3.686714628875 -3.9396446
-2.96913510184 -2.96913510184 -3.3257146
-2.0581671259250003 -2.0581671259250003 -2.4389343
-1.3709655790700002 -1.3709655790700002 -1.7296255
-0.755793049415 -0.755793049415 -1.0534022
-0.44433211107000004 -0.44433211107000004 -0.67856824
-0.280355589645 -0.280355589645 -0.4657081
8.237025389675 8.237025389675 4.492459
-0.824496503295 -0.824496503295 -1.3531518
-5.81576857448 -5.81576857448 -5.2453437
-5.20286098491 -5.20286098491 -5.0919256
-3.8217812184450004 -3.8217812184450004 -4.0616965
-2.712855557235 -2.712855557235 -3.0818684
-1.67865485539 -1.67865485539 -2.0422933
-1.1123175971700001 -1.1123175971700001 -1.4114145
-0.7828406091000001 -0.7828406091000001 -1.0217361
3.067556196395 3.067556196395 1.5234523
-1.753273166945 -1.753273166945 -1.5319012
-1.9735608872700001 -1.9735608872700001 -1.5867337
-1.3464702679350002 -1.3464702679350002 -1.0740833
-0.635464599075 -0.635464599075 -0.49469584
-0.30083761399000003 -0.30083761399000003 -0.2182611
-0.15046982046000001 -0.15046982046000001 -0.096643955
-3.9250379326450004 -3.9250379326450004 1.1125131
-5.69620382958 -5.69620382958 -2.7023683
-3.952173525345 -3.952173525345 -2.6303208
-2.392893013595 -2.392893013595 -1.8654408
-1.0996973437700002 -1.0996973437700002 -0.97242844
-0.536392984385 -0.536392984385 -0.5078641
-0.28092130613 -0.28092130613 -0.2799776
4.380133963595 4.380133963595 1.6083226
-3.29706866348 -3.29706866348 -3.0774467
-7.1967420607050006 -7.1967420607050006 -5.787159
-6.02383472358 -6.02383472358 -5.03446
-4.22698453158 -4.22698453158 -3.6832588
-2.8302138844450004 -2.8302138844450004 -2.5504847
-1.56172711018 -1.56172711018 -1.452938
-0.9074061438500001 -0.9074061438500001 -0.8550109
-0.5593593881050001 -0.5593593881050001 -0.5268443
13.15197354574 13.15197354574 13.274977
-0.7677365276800001 -0.7677365276800001 4.0108585
-7.3322290453350005 -7.3322290453350005 -2.9461572
-5.83045908714 -5.83045908714 -3.5899754
-3.6747302190650006 -3.6747302190650006 -2.7185397
-2.15600304904 -2.15600304904 -1.7913864
-0.93627204607 -0.93627204607 -0.8708264
-0.398103120975 -0.398103120975 -0.4010985
-0.15500694701 -0.15500694701 -0.17192473
6.9798741328950005 6.9798741328950005 11.792049
-0.733213696905 -0.733213696905 4.306361
-3.8631664498450005 -3.8631664498450005 0.39373076
-4.573179207115 -4.573179207115 -2.148417
-3.3614415651500003 -3.3614415651500003 -2.0887756
-2.2141383140650004 -2.2141383140650004 -1.5179152
-1.4278880206250002 -1.4278880206250002 -1.0054233
-0.7601022300550001 -0.7601022300550001 -0.51427686
-0.43000551896500006 -0.43000551896500006 -0.26121098
-0.25949945780500006 -0.25949945780500006 -0.1335915
3.09833774218 3.09833774218 1.735538
-5.94269196576 -5.94269196576 -3.6519608
-6.0197014251850005 -6.0197014251850005 -4.095518
-4.559908827405 -4.559908827405 -3.3176389
-3.2624614228800004 -3.2624614228800004 -2.4690113
-2.006593064165 -2.006593064165 -1.5516448
-1.3067481595100001 -1.3067481595100001 -1.0087422
-0.899402648415 -0.899402648415 -0.6879405
8.52668585634 8.52668585634 7.6386795
-0.074458628645 -0.074458628645 0.88333344
-3.7356406901 -3.7356406901 -2.4509428
-4.861455273885 -4.861455273885 -3.7852902
-4.27147158119 -4.27147158119 -3.7981539
-2.9755767660900005 -2.9755767660900005 -2.8516722
-1.96796657689 -1.96796657689 -1.9857737
-1.3051095587050001 -1.3051095587050001 -1.3688663
-0.736026552585 -0.736026552585 -0.8081732
-0.442576570495 -0.442576570495 -0.50424266
-0.28266164506 -0.28266164506 -0.33319342
13.48055387305 13.48055387305 19.764103
-0.27550440078500005 -0.27550440078500005 7.196244
-5.304889700250001 -5.304889700250001 0.6427207
-6.14475658943 -6.14475658943 -3.693434
-4.402807046455 -4.402807046455 -3.7133765
-2.8417457368200005 -2.8417457368200005 -2.782285
-1.7784413674750001 -1.7784413674750001 -1.9000918
-0.899090528975 -0.899090528975 -1.0516124
-0.48921353703500003 -0.48921353703500003 -0.61768764
-0.28841511325 -0.28841511325 -0.3911461
11.351743416315001 11.351743416315001 10.344288
0.9844209592950001 0.9844209592950001 1.2871714
-2.3743926116300003 -2.3743926116300003 -1.9246421
-2.36161839891 -2.36161839891 -2.1515021
-1.586245053125 -1.586245053125 -1.5518293
-0.750830119275 -0.750830119275 -0.8050054
-0.37301523449 -0.37301523449 -0.43452045
-0.205384332125 -0.205384332125 -0.25900936
8.584818994710002 8.584818994710002 10.067947
0.533685043685 0.533685043685 2.5315607
-4.5855529523200005 -4.5855529523200005 -2.9997995
-4.10800028473 -4.10800028473 -3.147824
-2.7273472932900003 -2.7273472932900003 -2.1804938
-1.66140290493 -1.66140290493 -1.3424932
-0.77614484896 -0.77614484896 -0.6192402
-0.38024271089 -0.38024271089 -0.29352316
-0.19814729890500002 -0.19814729890500002 -0.14618187
3.350219836835 3.350219836835 9.315571
-5.346719875135001 -5.346719875135001 0.08910191
-4.87053496177 -4.87053496177 -1.6031232
-3.1369973107550004 -3.1369973107550004 -1.2932808
-1.81238291255 -1.81238291255 -0.72634727
-0.733227664565 -0.733227664565 -0.15474935
-0.260195950445 -0.260195950445 0.0997992
-0.05397471394 -0.05397471394 0.19230825
-3.7975453854750003 -3.7975453854750003 -1.2114091
-6.658666235840001 -6.658666235840001 -4.117541
-5.069889465575 -5.069889465575 -3.706826
-3.3936600733400004 -3.3936600733400004 -2.7470655
-1.83988234704 -1.83988234704 -1.6230265
-1.05935044511 -1.05935044511 -0.9761395
-0.65206020079 -0.65206020079 -0.6162103
12.787583735125 12.787583735125 15.2403755
2.4466237923300005 2.4466237923300005 5.8888807
-2.059015162425 -2.059015162425 1.0361874
-3.83575982678 -3.83575982678 -2.097827
-2.935142517045 -2.935142517045 -2.0945075
-1.9231594263200003 -1.9231594263200003 -1.5142424
-1.2214200133750002 -1.2214200133750002 -1.0046668
-0.634749622915 -0.634749622915 -0.5301915
-0.35255282263000004 -0.35255282263000004 -0.28814155
-0.20939641118500002 -0.20939641118500002 -0.16491461
13.05432411189 13.05432411189 10.205883
2.1765090704550003 2.1765090704550003 2.4388206
-4.11000217597 -4.11000217597 -3.0698671
-3.8384462383800004 -3.8384462383800004 -3.4322395
-2.664834899685 -2.664834899685 -2.6604042
-1.7490799808950002 -1.7490799808950002 -1.884875
-0.9577591118150001 -0.9577591118150001 -1.105639
-0.5671058733450001 -0.5671058733450001 -0.6782749
-0.36179429382500006 -0.36179429382500006 -0.44133052
1.588991536165 1.588991536165 3.4617863
-4.250943820635 -4.250943820635 -2.4210896
-3.4974884114000004 -3.4974884114000004 -2.6819243
-2.0935278850250003 -2.0935278850250003 -1.8250271
-0.8518901038800001 -0.8518901038800001 -0.82036215
-0.34655310879500006 -0.34655310879500006 -0.34874883
-0.14324481203 -0.14324481203 -0.14738838
8.055296707530001 8.055296707530001 10.871729
-3.6994807288 -3.6994807288 -0.83226407
-4.02669831659 -4.02669831659 -2.6803565
-2.642469630445 -2.642469630445 -2.101094
-1.5455355729150002 -1.5455355729150002 -1.322668
-0.676976799655 -0.676976799655 -0.5966297
-0.31256645763 -0.31256645763 -0.26860437
-0.15365376431 -0.15365376431 -0.123520754
0.26291869896500003 0.26291869896500003 5.0702696
-8.169804818195 -8.169804818195 -2.3341188
-10.208406376805 -10.208406376805 -5.5439057
-8.18653857372 -8.18653857372 -6.276697
-5.2582878629000005 -5.2582878629000005 -4.7810664
-3.2461292375800004 -3.2461292375800004 -3.2793765
-2.02868992854 -2.02868992854 -2.1973135
-1.0640880023300001 -1.0640880023300001 -1.2367917
-0.606367075245 -0.606367075245 -0.7412506
-0.372088144185 -0.372088144185 -0.47373873
9.73852413372 9.73852413372 8.942797
-1.23111910922 -1.23111910922 1.3866873
-5.50356186286 -5.50356186286 -2.3675506
-6.207971619345 -6.207971619345 -4.253398
-4.42337692003 -4.42337692003 -3.5576537
-2.863608196555 -2.863608196555 -2.5396304
-1.8386100822500002 -1.8386100822500002 -1.7397792
-0.991628639425 -0.991628639425 -0.9967576
-0.575537456555 -0.575537456555 -0.6012565
-0.35636809421 -0.35636809421 -0.38417646
-1.030217083205 -1.030217083205 -2.1673822
-8.509033648405001 -8.509033648405001 -7.0268345
-10.51424927025 -10.51424927025 -8.987654
-7.868185776640001 -7.868185776640001 -7.362589
-5.26205955118 -5.26205955118 -5.3600636
-3.4454861305900004 -3.4454861305900004 -3.7798638
-1.8790453027300003 -1.8790453027300003 -2.263285
-1.091416910595 -1.091416910595 -1.4208694
-0.67652172174 -0.67652172174 -0.9415008
5.8991545594999995 5.8991545594999995 11.065275
-3.5230742239600006 -3.5230742239600006 -0.054258585
-3.9352165498100002 -3.9352165498100002 -2.5648062
-2.80136628196 -2.80136628196 -2.3521752
-1.7417539957350001 -1.7417539957350001 -1.6168504
-0.8230390357350001 -0.8230390357350001 -0.81895536
-0.4219582827000001 -0.4219582827000001 -0.435287
-0.24034958590500002 -0.24034958590500002 -0.25412157
