6.1988802217300005 6.1988802217300005 11.246474
-0.164665977725 -0.164665977725 4.934305
-3.1031234773250005 -3.1031234773250005 -0.12828845
-2.370188582265 -2.370188582265 -1.0160958
-1.3966384007 -1.3966384007 -0.8042236
-0.7449310146000001 -0.7449310146000001 -0.45564556
-0.250982125765 -0.250982125765 -0.10386859
-0.051789431525000006 -0.051789431525000006 0.055348415
0.026480556705 0.026480556705 0.11312881
4.435571343585 4.435571343585 5.3667684
-2.4620150246850003 -2.4620150246850003 0.37782693
-4.881946566245 -4.881946566245 -2.8064628
-3.6026072352200003 -3.6026072352200003 -2.710836
-2.3209514780550005 -2.3209514780550005 -2.0094702
-1.4863615550700002 -1.4863615550700002 -1.3937358
-0.81250760388 -0.81250760388 -0.80398786
-0.48694712667000006 -0.48694712667000006 -0.48815942
-0.31523708997500005 -0.31523708997500005 -0.31499237
3.1418765924650005 3.1418765924650005 4.0307403
-5.608486662230001 -5.608486662230001 -3.738929
-5.1028246565 -5.1028246565 -4.545236
-3.5106361277500002 -3.5106361277500002 -3.6668625
-2.31788003688 -2.31788003688 -2.6885662
-1.3080092921800002 -1.3080092921800002 -1.6627297
-0.81215751971 -0.81215751971 -1.0785471
-0.547563804255 -0.547563804255 -0.741913
7.432235705595001 7.432235705595001 7.2824078
1.114538901445 1.114538901445 2.52638
-2.49662859274 -2.49662859274 -1.0980654
-2.2407382785100003 -2.2407382785100003 -1.5277537
-1.47046194715 -1.47046194715 -1.1844094
-0.887033497835 -0.887033497835 -0.79775393
-0.40761010898500005 -0.40761010898500005 -0.41907102
-0.194250899375 -0.194250899375 -0.2270076
-0.0971828825 -0.0971828825 -0.13229017
2.807485613575 2.807485613575 2.818845
-2.6945407518650004 -2.6945407518650004 -1.7546387
-4.274932173975 -4.274932173975 -3.9774804
-2.992274289715 -2.992274289715 -3.2657719
-1.8670357931400003 -1.8670357931400003 -2.2899413
-1.17714618062 -1.17714618062 -1.5746508
-0.644059120815 -0.644059120815 -0.94293
-0.393152950765 -0.393152950765 -0.6104363
-0.261401527535 -0.261401527535 -0.42160162
4.318899269565001 4.318899269565001 4.0334206
-4.8467276104 -4.8467276104 -0.6757512
-8.14646603981 -8.14646603981 -3.1620784
-7.9736735619750005 -7.9736735619750005 -4.439454
-5.770849708885001 -5.770849708885001 -3.812899
-3.91625282586 -3.91625282586 -2.8763776
-2.6623383117350006 -2.6623383117350006 -2.0887547
-1.5661352984250003 -1.5661352984250003 -1.2964834
-0.98551592407 -0.98551592407 -0.8375613
-0.6574919139550001 -0.6574919139550001 -0.5677527
5.0279969088100005 5.0279969088100005 9.009049
2.179504923485 2.179504923485 4.8473945
1.655375990915 1.655375990915 3.1629105
1.5088413223650001 1.5088413223650001 2.377102
1.29292364177 1.29292364177 1.7497355
1.04872163346 1.04872163346 1.3491242
0.8311222676050001 0.8311222676050001 1.0544227
4.865293334805 4.865293334805 6.1765823
-0.7581745354450001 -0.7581745354450001 1.2586713
-3.03495544166 -3.03495544166 -1.2487595
-3.54405207398 -3.54405207398 -2.6892123
-2.64386621266 -2.64386621266 -2.3907118
-1.7814185532 -1.7814185532 -1.7898098
-1.17919533086 -1.17919533086 -1.2757124
-0.6533771515900001 -0.6533771515900001 -0.7660609
-0.38454107446999997 -0.38454107446999997 -0.47859892
-0.24092160359 -0.24092160359 -0.31615043
7.035041086385 7.035041086385 6.843464
1.3272782567599999 1.3272782567599999 2.1961727
-1.3643375830850002 -1.3643375830850002 -0.38136017
-2.4231883955450004 -2.4231883955450004 -1.6683533
-2.5086003738950002 -2.5086003738950002 -2.303402
-1.8928149212650003 -1.8928149212650003 -2.000526
-1.331239479885 -1.331239479885 -1.5546592
-0.9361710955950001 -0.9361710955950001 -1.1787032
-0.58190263999 -0.58190263999 -0.795694
-0.38952240936500004 -0.38952240936500004 -0.5626262
-0.278105903715 -0.278105903715 -0.41777983
9.14209223928 9.14209223928 9.21373
2.27100835064 2.27100835064 3.814128
-2.161237009545 -2.161237009545 -0.6005595
-2.24244837168 -2.24244837168 -1.350456
-1.553952925915 -1.553952925915 -1.1097119
-0.96640527714 -0.96640527714 -0.74986595
-0.455540869415 -0.455540869415 -0.3760489
-0.219442991955 -0.219442991955 -0.18610525
-0.10963625912000001 -0.10963625912000001 -0.095511265
6.272477896415 6.272477896415 5.8790884
0.09318849930999999 0.09318849930999999 0.910434
-1.7394511434300002 -1.7394511434300002 -1.0421816
-1.9766474250700001 -1.9766474250700001 -1.6193773
-1.37450611833 -1.37450611833 -1.4462358
-0.83269313051 -0.83269313051 -1.017209
-0.5249963190050001 -0.5249963190050001 -0.7076524
-0.35582304041 -0.35582304041 -0.5131324
-0.22373326899500004 -0.22373326899500004 -0.34234324
-0.15584978502000002 -0.15584978502000002 -0.24656111
-0.11616852937500001 -0.11616852937500001 -0.18650037
13.718931472160001 13.718931472160001 14.393435
4.2352980198 4.2352980198 6.9610577
-0.30394683611 -0.30394683611 2.7753298
-2.20091826519 -2.20091826519 0.56177783
-2.6890698662400006 -2.6890698662400006 -0.92144144
-1.970888522095 -1.970888522095 -0.92636526
-1.26607512124 -1.26607512124 -0.62467307
-0.7769643725300001 -0.7769643725300001 -0.34757036
-0.36317092224 -0.36317092224 -0.08678733
-0.16520289247500003 -0.16520289247500003 0.03764219
-0.068982570785 -0.068982570785 0.089305945
4.542106467125 4.542106467125 3.7667015
-0.5087747460200001 -0.5087747460200001 0.012486219
-2.03620358444 -2.03620358444 -1.3754039
-1.83375232964 -1.83375232964 -1.5555327
-1.0737083069200002 -1.0737083069200002 -1.0424519
-0.59578959212 -0.59578959212 -0.64693695
-0.34292430022500003 -0.34292430022500003 -0.4101683
-0.16808498259 -0.16808498259 -0.22884536
-0.09390108626500002 -0.09390108626500002 -0.1427109
-0.058429110985 -0.058429110985 -0.09686701
5.165974153935 5.165974153935 4.0379114
-2.370834875345 -2.370834875345 -0.83476686
-5.940436477475001 -5.940436477475001 -4.2895594
-4.8798234294150005 -4.8798234294150005 -4.249803
-3.382313003655 -3.382313003655 -3.3748975
-2.273521768045 -2.273521768045 -2.5140767
-1.2991975365700001 -1.2991975365700001 -1.598961
-0.80249368433 -0.80249368433 -1.0569385
-0.53421746883 -0.53421746883 -0.7353809
8.15923452894 8.15923452894 11.205914
2.18742119981 2.18742119981 5.5241313
-0.6576297789600001 -0.6576297789600001 2.1378236
-1.8087439170400001 -1.8087439170400001 0.26561856
-2.008204858615 -2.008204858615 -1.0599692
-1.487261445195 -1.487261445195 -1.1031759
-1.00971715295 -1.00971715295 -0.85832936
-0.6821662579350001 -0.6821662579350001 -0.61828667
-0.396553813425 -0.396553813425 -0.37183383
-0.24605490242500003 -0.24605490242500003 -0.23068316
-0.16125723856500002 -0.16125723856500002 -0.15036654
11.05301273982 11.05301273982 10.120882
2.242745447005 2.242745447005 3.6252525
-1.0066644841 -1.0066644841 0.6324165
-1.872657434975 -1.872657434975 -0.5593137
-1.50053337395 -1.50053337395 -0.87895143
-0.8486866525650001 -0.8486866525650001 -0.5663677
-0.44705008118000006 -0.44705008118000006 -0.2968799
-0.23315117379000003 -0.23315117379000003 -0.13766213
-0.08693978305500001 -0.08693978305500001 -0.025004907
-0.029224282970000005 -0.029224282970000005 0.01703179
-0.005445759590000001 -0.005445759590000001 0.02915099
2.13837685981 2.13837685981 0.75480366
-5.17273237472 -5.17273237472 -3.2669039
-4.673358520255 -4.673358520255 -3.3142347
-3.249128792565 -3.249128792565 -2.5114312
-2.1608255936950003 -2.1608255936950003 -1.7537131
-1.2085045487550001 -1.2085045487550001 -1.0006111
-0.7248213911750001 -0.7248213911750001 -0.5904954
-0.463626569255 -0.463626569255 -0.36657763
11.456156505735 11.456156505735 9.438949
1.34532578623 1.34532578623 2.4739623
-3.06863189 -3.06863189 -1.2193751
-4.60578836345 -4.60578836345 -2.96407
-4.380103534050001 -4.380103534050001 -3.6574752
-3.1807044818450003 -3.1807044818450003 -3.0775707
-2.1793403834 -2.1793403834 -2.349435
-1.4987089402550002 -1.4987089402550002 -1.7562747
-0.90006514083 -0.90006514083 -1.1569847
-0.5812119759600001 -0.5812119759600001 -0.7985366
-0.40015132603500003 -0.40015132603500003 -0.5770071
13.958286046075001 13.958286046075001 10.6512985
5.214100330330001 5.214100330330001 4.8004713
0.65584559418 0.65584559418 1.3974924
-2.176884674485 -2.176884674485 -1.2094244
-2.014353412045 -2.014353412045 -1.4322222
-1.375576403405 -1.375576403405 -1.0761172
-0.8674876217699999 -0.8674876217699999 -0.71124256
-0.43180167602499997 -0.43180167602499997 -0.35863045
-0.22720323481500002 -0.22720323481500002 -0.18162613
-0.12805663584500002 -0.12805663584500002 -0.095605366
4.246741287805 4.246741287805 11.206244
-2.9026806250050003 -2.9026806250050003 2.640606
-4.33256696619 -4.33256696619 -0.76426125
-3.88986870377 -3.88986870377 -1.7727017
-2.214128757245 -2.214128757245 -1.483773
-1.1156643220200002 -1.1156643220200002 -0.80570585
-0.558157329185 -0.558157329185 -0.37835234
-0.28550579670000004 -0.28550579670000004 -0.15675159
-0.10726107429000001 -0.10726107429000001 -0.016275857
-0.03890318872 -0.03890318872 0.02840848
-0.01077305662 -0.01077305662 0.04098798
6.816257593775 6.816257593775 11.181264
0.5226970373800001 0.5226970373800001 4.421754
0.0057443577050000005 0.0057443577050000005 2.2498372
0.300048624985 0.300048624985 1.5509114
0.5601866306450001 0.5601866306450001 1.1869658
0.5677689433700001 0.5677689433700001 0.96834666
0.489595652305 0.489595652305 0.78153884
9.98400554818 9.98400554818 8.998612
2.53274182014 2.53274182014 3.547653
-2.22979272654 -2.22979272654 -0.7255071
-2.296930148435 -2.296930148435 -1.3208387
-1.5448737106200001 -1.5448737106200001 -0.9918244
-0.9130729967950001 -0.9130729967950001 -0.59500587
-0.37414737634500006 -0.37414737634500006 -0.21438676
-0.136171373715 -0.136171373715 -0.039238364
-0.033775797260000004 -0.033775797260000004 0.032025646
5.606229729920001 5.606229729920001 4.2922473
-4.035863910835 -4.035863910835 -2.18456
-6.034076930355001 -6.034076930355001 -4.3624945
-4.40398172141 -4.40398172141 -4.0979424
-2.53121246639 -2.53121246639 -2.7689543
-1.4760097599250002 -1.4760097599250002 -1.797113
-0.9204256307800001 -0.9204256307800001 -1.2022705
-0.513303549735 -0.513303549735 -0.7166364
-0.320574678965 -0.320574678965 -0.46710095
-0.21664252863500003 -0.21664252863500003 -0.32482803
13.488989263235002 13.488989263235002 16.271233
0.42528437112 0.42528437112 6.8155537
-4.52484771662 -4.52484771662 1.4985557
-5.756149823190001 -5.756149823190001 -2.5294485
-4.2226098184600005 -4.2226098184600005 -2.854152
-2.778545829785 -2.778545829785 -2.2323327
-1.813346182245 -1.813346182245 -1.5802245
-1.01288618396 -1.01288618396 -0.9211782
-0.61606260041 -0.61606260041 -0.5632397
-0.402127644905 -0.402127644905 -0.36548182
0.295907056265 0.295907056265 4.7457676
-6.275120698460001 -6.275120698460001 -1.277514
-5.742536421905001 -5.742536421905001 -3.5433154
-3.21262418188 -3.21262418188 -2.545223
-1.7288545466650003 -1.7288545466650003 -1.5541139
-0.977492107265 -0.977492107265 -0.9404484
-0.46868414867 -0.46868414867 -0.47621384
-0.25399911407000003 -0.25399911407000003 -0.2676603
-0.15098541615 -0.15098541615 -0.16360185
0.9331928596700001 0.9331928596700001 3.3326154
-3.6074796906300004 -3.6074796906300004 -1.607971
-3.2769801490750003 -3.2769801490750003 -2.8696487
-1.724724267595 -1.724724267595 -1.8414364
-0.886864310615 -0.886864310615 -1.0701183
-0.49280514227000005 -0.49280514227000005 -0.64740086
-0.24007396091500002 -0.24007396091500002 -0.345581
-0.136287053245 -0.136287053245 -0.20914842
-0.08608064069 -0.08608064069 -0.13785294
13.544378806615 13.544378806615 14.976029
4.897869593625 4.897869593625 7.57655
0.70125335413 0.70125335413 3.3343418
-1.10890218924 -1.10890218924 1.0436246
-1.7448877662800002 -1.7448877662800002 -0.5861449
-1.27476389843 -1.27476389843 -0.7107126
-0.7805077210750001 -0.7805077210750001 -0.5022923
-0.44430412324000007 -0.44430412324000007 -0.29356647
-0.17426835015 -0.17426835015 -0.09654334
-0.05602462557500001 -0.05602462557500001 -0.0038750377
-0.00503691673 -0.00503691673 0.034402784
7.9638664793150005 7.9638664793150005 11.555532
-0.45087057750500004 -0.45087057750500004 3.3814964
-2.237454749445 -2.237454749445 0.31293952
-2.0433975332050003 -2.0433975332050003 -0.5880327
-0.9386521405850001 -0.9386521405850001 -0.519407
-0.32334930736500006 -0.32334930736500006 -0.17649484
-0.07189112594000001 -0.07189112594000001 0.007942811
0.023211074065000004 0.023211074065000004 0.081680834
0.061847669515 0.061847669515 0.10610516
0.062354023445000004 0.062354023445000004 0.095710516
0.05409472554500001 0.05409472554500001 0.08019674
10.364578048125 10.364578048125 8.836868
2.211235823815 2.211235823815 3.169146
-2.4122992393150002 -2.4122992393150002 -1.1317945
-2.30919598559 -2.30919598559 -1.7263169
-1.575721261475 -1.575721261475 -1.4110645
-1.0072062297700002 -1.0072062297700002 -1.0103658
-0.5267549839250001 -0.5267549839250001 -0.58905816
-0.29920675841000005 -0.29920675841000005 -0.35826275
-0.18547545443000002 -0.18547545443000002 -0.23412277
6.2449424138100005 6.2449424138100005 7.85561
-1.6418299599600001 -1.6418299599600001 1.4281127
-4.926352382885001 -4.926352382885001 -2.033109
-5.863160556055 -5.863160556055 -3.6590781
-5.087502291010001 -5.087502291010001 -4.2016983
-3.6579406979200004 -3.6579406979200004 -3.5011132
-2.533258807345 -2.533258807345 -2.6774666
-1.77529840768 -1.77529840768 -2.0131385
-1.1009854140700002 -1.1009854140700002 -1.3405192
-0.732766626765 -0.732766626765 -0.9338515
-0.5174263986400001 -0.5174263986400001 -0.6799139
14.77613152775 14.77613152775 14.155224
4.72594416091 4.72594416091 6.5703244
0.47837355642000007 0.47837355642000007 2.5942519
-1.043918780055 -1.043918780055 0.6679729
-1.2602326748550001 -1.2602326748550001 -0.43871456
-0.750242794925 -0.750242794925 -0.38678163
-0.36737106586500007 -0.36737106586500007 -0.18295273
-0.151641239795 -0.151641239795 -0.03571171
-0.006436071935000001 -0.006436071935000001 0.07282477
0.04408414038 0.04408414038 0.107199535
0.058833227945000004 0.058833227945000004 0.10922635
14.304649935085001 14.304649935085001 20.50116
0.76328189434 0.76328189434 8.3633375
-3.6268788800100005 -3.6268788800100005 2.2894912
-4.331095032125 -4.331095032125 -0.42940927
-2.93561240278 -2.93561240278 -1.6141981
-1.5693055896750001 -1.5693055896750001 -1.2143748
-0.8056546025450001 -0.8056546025450001 -0.7381094
-0.419269061815 -0.419269061815 -0.42301884
-0.16491668672 -0.16491668672 -0.18103448
-0.06669954100500002 -0.06669954100500002 -0.07839591
-0.026083528595 -0.026083528595 -0.032901283
4.79968894236 4.79968894236 11.839672
-0.96209404861 -0.96209404861 5.368636
-2.9219996053600004 -2.9219996053600004 1.9763855
-2.8178406118300003 -2.8178406118300003 -0.36468065
-1.7149068404650003 -1.7149068404650003 -0.56107163
-0.8996359503450001 -0.8996359503450001 -0.32267943
-0.42665682499 -0.42665682499 -0.096814446
-0.09686425182 -0.09686425182 0.08800492
0.023392443605 0.023392443605 0.14922713
0.06282123117 0.06282123117 0.156991
5.863720995285 5.863720995285 8.7151575
-2.2575460993900003 -2.2575460993900003 1.4412379
-3.6139786170350003 -3.6139786170350003 -1.5579662
-1.8926663442200002 -1.8926663442200002 -0.9431614
-0.80212375138 -0.80212375138 -0.2945676
-0.29344932571500004 -0.29344932571500004 0.03619824
-0.014127001594999999 -0.014127001594999999 0.1980093
0.06093110746500001 0.06093110746500001 0.21332325
0.07565057939 0.07565057939 0.18939604
5.044464753695 5.044464753695 5.8467236
-4.132087698185001 -4.132087698185001 -0.9271321
-8.333037351685 -8.333037351685 -5.712791
-6.72484878964 -6.72484878964 -5.6306195
-4.600309653835001 -4.600309653835001 -4.3995
-3.03106403058 -3.03106403058 -3.2095978
-1.66113037803 -1.66113037803 -1.9705014
-0.9763981664350001 -0.9763981664350001 -1.2557111
-0.6179802656100001 -0.6179802656100001 -0.8428169
3.886869358825 3.886869358825 3.8285232
-6.068721479310001 -6.068721479310001 -3.6428928
-5.86486615962 -5.86486615962 -4.7088685
-4.223404321015001 -4.223404321015001 -4.0040164
-2.8988330597750003 -2.8988330597750003 -3.0693579
-1.7103679023200002 -1.7103679023200002 -1.9978576
-1.0932401628150001 -1.0932401628150001 -1.3436886
-0.75071572624 -0.75071572624 -0.9492528
10.787034440685002 10.787034440685002 9.859259
1.468750357445 1.468750357445 3.158811
-2.3550454334050004 -2.3550454334050004 -0.28686762
-3.551415577535 -3.551415577535 -1.8640739
-3.187989456695 -3.187989456695 -2.4752877
-2.185680939645 -2.185680939645 -2.020362
-1.4330496748600001 -1.4330496748600001 -1.4806833
-0.95773246299 -0.95773246299 -1.0663437
-0.562486411115 -0.562486411115 -0.67295897
-0.360719571655 -0.360719571655 -0.4513221
-0.24827641674000003 -0.24827641674000003 -0.31998092
4.55049669871 4.55049669871 11.032455
-2.864196518595 -2.864196518595 1.9065473
-2.9897075746600006 -2.9897075746600006 -0.51182365
-1.969864209525 -1.969864209525 -0.76799625
-1.143199594585 -1.143199594585 -0.5163262
-0.46374369281 -0.46374369281 -0.14637066
-0.172343674865 -0.172343674865 0.042101923
-0.048988075535 -0.048988075535 0.11463602
6.171066593655 6.171066593655 8.277569
1.343019100695 1.343019100695 3.6613224
-0.5136720649150001 -0.5136720649150001 1.2952614
-1.016394560845 -1.016394560845 -0.27182668
-0.5889440209500001 -0.5889440209500001 -0.3742377
-0.23758566954500002 -0.23758566954500002 -0.2070409
-0.04417387997 -0.04417387997 -0.05951748
0.07115189016000001 0.07115189016000001 0.05673275
0.09771475629000001 0.09771475629000001 0.09430925
0.09512512062 0.09512512062 0.099032
7.131919305865001 7.131919305865001 9.737225
2.44306918039 2.44306918039 5.3406043
0.32137490511 0.32137490511 2.8456116
-0.692089335185 -0.692089335185 0.7986095
-0.463239518045 -0.463239518045 0.3274525
-0.14681307657 -0.14681307657 0.2758245
0.054845802330000006 0.054845802330000006 0.29597557
0.18164083291500002 0.18164083291500002 0.3034037
0.204548793005 0.204548793005 0.2774199
0.190418667065 0.190418667065 0.23723564
4.041407286515 4.041407286515 4.8760524
-1.65894617207 -1.65894617207 -0.15588832
-2.5835377362100003 -2.5835377362100003 -1.5402353
-2.18907132656 -2.18907132656 -1.605206
-1.096752661735 -1.096752661735 -0.95456606
-0.49628715913500004 -0.49628715913500004 -0.46591005
-0.22322872666000002 -0.22322872666000002 -0.21558684
-0.098751960065 -0.098751960065 -0.096368365
-0.023048608125 -0.023048608125 -0.0205705
0.002837246575 0.002837246575 0.0064771827
0.01143657298 0.01143657298 0.0138351
9.44919786695 9.44919786695 9.990623
2.25720457435 2.25720457435 3.905913
-2.3286875138050003 -2.3286875138050003 -0.9577625
-2.3466324912450003 -2.3466324912450003 -1.6941752
-1.5616035541500002 -1.5616035541500002 -1.3343428
-0.9169870659400001 -0.9169870659400001 -0.8735154
-0.386703304995 -0.386703304995 -0.4186607
-0.16037071223500002 -0.16037071223500002 -0.19780375
-0.06406078223 -0.06406078223 -0.096720524
4.182184391095 4.182184391095 9.597483
-4.466432625805 -4.466432625805 -0.4427079
-4.25379009893 -4.25379009893 -2.2453716
-2.7789296253750004 -2.7789296253750004 -1.8383758
-1.6403466049700002 -1.6403466049700002 -1.1555418
-0.7102549859 -0.7102549859 -0.4640552
-0.30711754744 -0.30711754744 -0.1398953
-0.129663021765 -0.129663021765 -0.0017138647
8.363994044575001 8.363994044575001 8.959711
-0.80824484208 -0.80824484208 2.829352
-5.29358571502 -5.29358571502 -2.0923707
-4.31006942426 -4.31006942426 -2.7417593
-2.824161581845 -2.824161581845 -2.2257001
-1.7562012295650002 -1.7562012295650002 -1.5879896
-0.8717421132450002 -0.8717421132450002 -0.9002395
-0.46008059521000005 -0.46008059521000005 -0.51756394
-0.26013390988 -0.26013390988 -0.31187502
11.925055525325 11.925055525325 10.231649
3.873524519935 3.873524519935 4.372345
-0.092392789025 -0.092392789025 1.1084452
-2.329853445845 -2.329853445845 -1.2598333
-2.013800508 -2.013800508 -1.3950715
-1.3396099939650001 -1.3396099939650001 -1.0174199
-0.814511936835 -0.814511936835 -0.6452766
-0.36281359169000005 -0.36281359169000005 -0.28986365
-0.153628218195 -0.153628218195 -0.11376465
-0.05798490264 -0.05798490264 -0.032354143
3.2738919309550005 3.2738919309550005 1.8774619
-2.134134393125 -2.134134393125 -1.3950185
-4.1781603135 -4.1781603135 -3.340953
-3.2082811060350003 -3.2082811060350003 -2.9996054
-2.145951401055 -2.145951401055 -2.2542205
-1.415813556165 -1.415813556165 -1.6168346
-0.7980860736950001 -0.7980860736950001 -0.9884034
-0.48726651874500004 -0.48726651874500004 -0.6341435
-0.31931283741000005 -0.31931283741000005 -0.42952168
7.57427643707 7.57427643707 8.931385
0.397774880965 0.397774880965 2.5697799
-1.5137337053200002 -1.5137337053200002 0.0931685
-1.6491133595100003 -1.6491133595100003 -0.67343223
-0.9184334538900001 -0.9184334538900001 -0.62696296
-0.382392916625 -0.382392916625 -0.29348323
-0.12562479272500002 -0.12562479272500002 -0.0850797
-0.012943583725 -0.012943583725 0.015470373
0.046344065760000004 0.046344065760000004 0.07073938
0.05842981987 0.05842981987 0.08098231
0.05596794103 0.05596794103 0.07444591
6.51707454363 6.51707454363 8.292355
1.8554869012700002 1.8554869012700002 4.2667313
-0.16948245747500001 -0.16948245747500001 2.0504136
-0.9935329933400001 -0.9935329933400001 0.35649696
-0.6466915521350001 -0.6466915521350001 0.07961005
-0.26453159612500005 -0.26453159612500005 0.1425308
-0.023224280330000003 -0.023224280330000003 0.23474632
0.139956031965 0.139956031965 0.30151242
0.184543323165 0.184543323165 0.3044174
0.183682054145 0.183682054145 0.2781646
12.130270223895 12.130270223895 5.523943
-0.51642708083 -0.51642708083 -0.5250144
-5.775243063055001 -5.775243063055001 -3.6775196
-7.1481496217650005 -7.1481496217650005 -5.274934
-5.30362363164 -5.30362363164 -4.4851866
-3.5270813933350005 -3.5270813933350005 -3.3343072
-2.3152022106650003 -2.3152022106650003 -2.3866456
-1.28667552938 -1.28667552938 -1.4558811
-0.7707438541450001 -0.7707438541450001 -0.92996174
-0.49451523544000003 -0.49451523544000003 -0.62645143
-3.7941364100200006 -3.7941364100200006 0.6929059
-5.079438514095 -5.079438514095 -2.7500486
-3.4521416680700003 -3.4521416680700003 -2.6797247
-2.11851300944 -2.11851300944 -1.963775
-1.04204724489 -1.04204724489 -1.1017132
-0.56211529669 -0.56211529669 -0.62853336
-0.33182586539000003 -0.33182586539000003 -0.3815065
