6.1988802217300005 6.1988802217300005 10.37405
-0.164665977725 -0.164665977725 3.394345
-3.1031234773250005 -3.1031234773250005 -1.303525
-2.370188582265 -2.370188582265 -1.5860827
-1.3966384007 -1.3966384007 -1.03383
-0.7449310146000001 -0.7449310146000001 -0.53874785
-0.250982125765 -0.250982125765 -0.1198263
-0.051789431525000006 -0.051789431525000006 0.052568
0.026480556705 0.026480556705 0.11267368
4.435571343585 4.435571343585 4.3121614
-2.4620150246850003 -2.4620150246850003 -1.2673068
-4.881946566245 -4.881946566245 -3.9122834
-3.6026072352200003 -3.6026072352200003 -3.1979558
-2.3209514780550005 -2.3209514780550005 -2.1907816
-1.4863615550700002 -1.4863615550700002 -1.4551475
-0.81250760388 -0.81250760388 -0.8148565
-0.48694712667000006 -0.48694712667000006 -0.48993248
-0.31523708997500005 -0.31523708997500005 -0.31526715
3.1418765924650005 3.1418765924650005 2.8775287
-5.608486662230001 -5.608486662230001 -5.385742
-5.1028246565 -5.1028246565 -5.413208
-3.5106361277500002 -3.5106361277500002 -4.0209446
-2.31788003688 -2.31788003688 -2.8155763
-1.3080092921800002 -1.3080092921800002 -1.6864705
-0.81215751971 -0.81215751971 -1.0825564
-0.547563804255 -0.547563804255 -0.7425491
7.432235705595001 7.432235705595001 6.447983
1.114538901445 1.114538901445 1.2256389
-2.49662859274 -2.49662859274 -2.0415313
-2.2407382785100003 -2.2407382785100003 -1.9668051
-1.47046194715 -1.47046194715 -1.3528363
-0.887033497835 -0.887033497835 -0.8554132
-0.40761010898500005 -0.40761010898500005 -0.42916957
-0.194250899375 -0.194250899375 -0.22860296
-0.0971828825 -0.0971828825 -0.13252623
2.807485613575 2.807485613575 1.4118671
-2.6945407518650004 -2.6945407518650004 -3.4469008
-4.274932173975 -4.274932173975 -4.911704
-2.992274289715 -2.992274289715 -3.607063
-1.8670357931400003 -1.8670357931400003 -2.3930304
-1.17714618062 -1.17714618062 -1.6024512
-0.644059120815 -0.644059120815 -0.9463386
-0.393152950765 -0.393152950765 -0.6108143
-0.261401527535 -0.261401527535 -0.4216411
4.318899269565001 4.318899269565001 6.480873
-4.8467276104 -4.8467276104 -0.8711846
-8.14646603981 -8.14646603981 -4.223194
-7.9736735619750005 -7.9736735619750005 -5.402685
-5.770849708885001 -5.770849708885001 -4.3109946
-3.91625282586 -3.91625282586 -3.0890822
-2.6623383117350006 -2.6623383117350006 -2.170711
-1.5661352984250003 -1.5661352984250003 -1.3139129
-0.98551592407 -0.98551592407 -0.8409448
-0.6574919139550001 -0.6574919139550001 -0.5683709
5.0279969088100005 5.0279969088100005 7.243056
2.179504923485 2.179504923485 3.8501506
1.655375990915 1.655375990915 2.6973562
1.5088413223650001 1.5088413223650001 2.1803794
1.29292364177 1.29292364177 1.7013892
1.04872163346 1.04872163346 1.338209
0.8311222676050001 0.8311222676050001 1.0520922
4.865293334805 4.865293334805 5.02346
-0.7581745354450001 -0.7581745354450001 -0.3931446
-3.03495544166 -3.03495544166 -2.7651434
-3.54405207398 -3.54405207398 -3.5386655
-2.64386621266 -2.64386621266 -2.766437
-1.7814185532 -1.7814185532 -1.937219
-1.17919533086 -1.17919533086 -1.3294053
-0.6533771515900001 -0.6533771515900001 -0.7768397
-0.38454107446999997 -0.38454107446999997 -0.48061123
-0.24092160359 -0.24092160359 -0.31650835
7.035041086385 7.035041086385 6.8242197
1.3272782567599999 1.3272782567599999 1.2918804
-1.3643375830850002 -1.3643375830850002 -1.4468058
-2.4231883955450004 -2.4231883955450004 -2.5964456
-2.5086003738950002 -2.5086003738950002 -2.8040106
-1.8928149212650003 -1.8928149212650003 -2.2178583
-1.331239479885 -1.331239479885 -1.6386523
-0.9361710955950001 -0.9361710955950001 -1.208862
-0.58190263999 -0.58190263999 -0.8016223
-0.38952240936500004 -0.38952240936500004 -0.56371105
-0.278105903715 -0.278105903715 -0.41796932
9.14209223928 9.14209223928 8.343262
2.27100835064 2.27100835064 2.3627064
-2.161237009545 -2.161237009545 -1.7042272
-2.24244837168 -2.24244837168 -1.8791891
-1.553952925915 -1.553952925915 -1.316746
-0.96640527714 -0.96640527714 -0.8217814
-0.455540869415 -0.455540869415 -0.3888183
-0.219442991955 -0.219442991955 -0.18813597
-0.10963625912000001 -0.10963625912000001 -0.09581222
6.272477896415 6.272477896415 6.0471992
0.09318849930999999 0.09318849930999999 0.20839608
-1.7394511434300002 -1.7394511434300002 -1.7077802
-1.9766474250700001 -1.9766474250700001 -2.0671566
-1.37450611833 -1.37450611833 -1.5873171
-0.83269313051 -0.83269313051 -1.0528905
-0.5249963190050001 -0.5249963190050001 -0.7157222
-0.35582304041 -0.35582304041 -0.5148393
-0.22373326899500004 -0.22373326899500004 -0.34249708
-0.15584978502000002 -0.15584978502000002 -0.24657424
-0.11616852937500001 -0.11616852937500001 -0.18650147
13.718931472160001 13.718931472160001 14.676149
4.2352980198 4.2352980198 5.8740177
-0.30394683611 -0.30394683611 1.4079132
-2.20091826519 -2.20091826519 -0.6506678
-2.6890698662400006 -2.6890698662400006 -1.588738
-1.970888522095 -1.970888522095 -1.2228124
-1.26607512124 -1.26607512124 -0.74253976
-0.7769643725300001 -0.7769643725300001 -0.39128867
-0.36317092224 -0.36317092224 -0.09585447
-0.16520289247500003 -0.16520289247500003 0.035885938
-0.068982570785 -0.068982570785 0.08898087
4.542106467125 4.542106467125 2.7161436
-0.5087747460200001 -0.5087747460200001 -1.1145233
-2.03620358444 -2.03620358444 -2.1902533
-1.83375232964 -1.83375232964 -1.8375317
-1.0737083069200002 -1.0737083069200002 -1.1178706
-0.59578959212 -0.59578959212 -0.66452825
-0.34292430022500003 -0.34292430022500003 -0.41393712
-0.16808498259 -0.16808498259 -0.22918342
-0.09390108626500002 -0.09390108626500002 -0.14273906
-0.058429110985 -0.058429110985 -0.09686925
5.165974153935 5.165974153935 3.936244
-2.370834875345 -2.370834875345 -2.1821673
-5.940436477475001 -5.940436477475001 -5.61421
-4.8798234294150005 -4.8798234294150005 -4.963204
-3.382313003655 -3.382313003655 -3.6897528
-2.273521768045 -2.273521768045 -2.639153
-1.2991975365700001 -1.2991975365700001 -1.6268045
-0.80249368433 -0.80249368433 -1.0626113
-0.53421746883 -0.53421746883 -0.73647296
8.15923452894 8.15923452894 12.112524
2.18742119981 2.18742119981 5.0736823
-0.6576297789600001 -0.6576297789600001 1.2621487
-1.8087439170400001 -1.8087439170400001 -0.598019
-2.008204858615 -2.008204858615 -1.5597628
-1.487261445195 -1.487261445195 -1.3192381
-1.00971715295 -1.00971715295 -0.93888754
-0.6821662579350001 -0.6821662579350001 -0.6456975
-0.396553813425 -0.396553813425 -0.37670577
-0.24605490242500003 -0.24605490242500003 -0.23147771
-0.16125723856500002 -0.16125723856500002 -0.15048915
11.05301273982 11.05301273982 10.363716
2.242745447005 2.242745447005 2.7273786
-1.0066644841 -1.0066644841 -0.31031424
-1.872657434975 -1.872657434975 -1.252826
-1.50053337395 -1.50053337395 -1.136258
-0.8486866525650001 -0.8486866525650001 -0.64198965
-0.44705008118000006 -0.44705008118000006 -0.31656396
-0.23315117379000003 -0.23315117379000003 -0.14241803
-0.08693978305500001 -0.08693978305500001 -0.025522485
-0.029224282970000005 -0.029224282970000005 0.016978955
-0.005445759590000001 -0.005445759590000001 0.029145792
2.13837685981 2.13837685981 -0.40565157
-5.17273237472 -5.17273237472 -4.4889965
-4.673358520255 -4.673358520255 -3.9336622
-3.249128792565 -3.249128792565 -2.7637608
-2.1608255936950003 -2.1608255936950003 -1.8455653
-1.2085045487550001 -1.2085045487550001 -1.0184362
-0.7248213911750001 -0.7248213911750001 -0.5936501
-0.463626569255 -0.463626569255 -0.36710438
11.456156505735 11.456156505735 9.193427
1.34532578623 1.34532578623 0.90897846
-3.06863189 -3.06863189 -2.9581232
-4.60578836345 -4.60578836345 -4.440241
-4.380103534050001 -4.380103534050001 -4.438286
-3.1807044818450003 -3.1807044818450003 -3.4173536
-2.1793403834 -2.1793403834 -2.4828246
-1.4987089402550002 -1.4987089402550002 -1.8053532
-0.90006514083 -0.90006514083 -1.1670921
-0.5812119759600001 -0.5812119759600001 -0.800486
-0.40015132603500003 -0.40015132603500003 -0.57736665
13.958286046075001 13.958286046075001 10.955692
5.214100330330001 5.214100330330001 4.022311
0.65584559418 0.65584559418 0.3272301
-2.176884674485 -2.176884674485 -1.976426
-2.014353412045 -2.014353412045 -1.7918351
-1.375576403405 -1.375576403405 -1.2143967
-0.8674876217699999 -0.8674876217699999 -0.7584332
-0.43180167602499997 -0.43180167602499997 -0.36679882
-0.22720323481500002 -0.22720323481500002 -0.18289517
-0.12805663584500002 -0.12805663584500002 -0.09578961
4.246741287805 4.246741287805 9.721249
-2.9026806250050003 -2.9026806250050003 0.39912057
-4.33256696619 -4.33256696619 -2.4997723
-3.88986870377 -3.88986870377 -2.8665564
-2.214128757245 -2.214128757245 -1.810319
-1.1156643220200002 -1.1156643220200002 -0.884872
-0.558157329185 -0.558157329185 -0.39528695
-0.28550579670000004 -0.28550579670000004 -0.16007878
-0.10726107429000001 -0.10726107429000001 -0.016535899
-0.03890318872 -0.03890318872 0.0283898
-0.01077305662 -0.01077305662 0.0409867
6.816257593775 6.816257593775 8.988542
0.5226970373800001 0.5226970373800001 2.9180756
0.0057443577050000005 0.0057443577050000005 1.523233
0.300048624985 0.300048624985 1.2491146
0.5601866306450001 0.5601866306450001 1.1178827
0.5677689433700001 0.5677689433700001 0.9542467
0.489595652305 0.489595652305 0.7788649
9.98400554818 9.98400554818 8.0468
2.53274182014 2.53274182014 2.0187376
-2.22979272654 -2.22979272654 -1.8544407
-2.296930148435 -2.296930148435 -1.8516569
-1.5448737106200001 -1.5448737106200001 -1.1964931
-0.9130729967950001 -0.9130729967950001 -0.6650633
-0.37414737634500006 -0.37414737634500006 -0.22654729
-0.136171373715 -0.136171373715 -0.04112598
-0.033775797260000004 -0.033775797260000004 0.031752996
5.606229729920001 5.606229729920001 4.7458744
-4.035863910835 -4.035863910835 -3.4952164
-6.034076930355001 -6.034076930355001 -5.6519446
-4.40398172141 -4.40398172141 -4.622384
-2.53121246639 -2.53121246639 -2.917037
-1.4760097599250002 -1.4760097599250002 -1.8327671
-0.9204256307800001 -0.9204256307800001 -1.2101067
-0.513303549735 -0.513303549735 -0.7173645
-0.320574678965 -0.320574678965 -0.4671637
-0.21664252863500003 -0.21664252863500003 -0.32483318
13.488989263235002 13.488989263235002 19.70525
0.42528437112 0.42528437112 6.792823
-4.52484771662 -4.52484771662 0.31431127
-5.756149823190001 -5.756149823190001 -3.679967
-4.2226098184600005 -4.2226098184600005 -3.4348176
-2.778545829785 -2.778545829785 -2.4591892
-1.813346182245 -1.813346182245 -1.6559256
-1.01288618396 -1.01288618396 -0.9331991
-0.61606260041 -0.61606260041 -0.56487846
-0.402127644905 -0.402127644905 -0.36568442
0.295907056265 0.295907056265 2.802681
-6.275120698460001 -6.275120698460001 -3.4816623
-5.742536421905001 -5.742536421905001 -4.532745
-3.21262418188 -3.21262418188 -2.8356907
-1.7288545466650003 -1.7288545466650003 -1.6247998
-0.977492107265 -0.977492107265 -0.9558737
-0.46868414867 -0.46868414867 -0.47760087
-0.25399911407000003 -0.25399911407000003 -0.26777387
-0.15098541615 -0.15098541615 -0.16361065
0.9331928596700001 0.9331928596700001 1.9673219
-3.6074796906300004 -3.6074796906300004 -3.0483978
-3.2769801490750003 -3.2769801490750003 -3.392063
-1.724724267595 -1.724724267595 -1.9587152
-0.886864310615 -0.886864310615 -1.0912611
-0.49280514227000005 -0.49280514227000005 -0.6507593
-0.24007396091500002 -0.24007396091500002 -0.34576586
-0.136287053245 -0.136287053245 -0.20915768
-0.08608064069 -0.08608064069 -0.13785337
13.544378806615 13.544378806615 15.419859
4.897869593625 4.897869593625 6.613694
0.70125335413 0.70125335413 2.0533862
-1.10890218924 -1.10890218924 -0.10506046
-1.7448877662800002 -1.7448877662800002 -1.2113514
-1.27476389843 -1.27476389843 -0.9797634
-0.7805077210750001 -0.7805077210750001 -0.60470074
-0.44430412324000007 -0.44430412324000007 -0.3296456
-0.17426835015 -0.17426835015 -0.103401706
-0.05602462557500001 -0.05602462557500001 -0.0050829304
-0.00503691673 -0.00503691673 0.03420054
7.9638664793150005 7.9638664793150005 10.82152
-0.45087057750500004 -0.45087057750500004 1.852153
-2.237454749445 -2.237454749445 -0.8320395
-2.0433975332050003 -2.0433975332050003 -1.2610424
-0.9386521405850001 -0.9386521405850001 -0.69074947
-0.32334930736500006 -0.32334930736500006 -0.2121799
-0.07189112594000001 -0.07189112594000001 0.0012555853
0.023211074065000004 0.023211074065000004 0.080504216
0.061847669515 0.061847669515 0.10602421
0.062354023445000004 0.062354023445000004 0.09570521
0.05409472554500001 0.05409472554500001 0.080196396
10.364578048125 10.364578048125 8.912689
2.211235823815 2.211235823815 2.2875237
-2.4122992393150002 -2.4122992393150002 -1.9796288
-2.30919598559 -2.30919598559 -2.1482005
-1.575721261475 -1.575721261475 -1.5811659
-1.0072062297700002 -1.0072062297700002 -1.0718197
-0.5267549839250001 -0.5267549839250001 -0.6008888
-0.29920675841000005 -0.29920675841000005 -0.36034802
-0.18547545443000002 -0.18547545443000002 -0.234471
6.2449424138100005 6.2449424138100005 7.5968227
-1.6418299599600001 -1.6418299599600001 -0.15423346
-4.926352382885001 -4.926352382885001 -3.8119745
-5.863160556055 -5.863160556055 -5.1813326
-5.087502291010001 -5.087502291010001 -5.008988
-3.6579406979200004 -3.6579406979200004 -3.8483064
-2.533258807345 -2.533258807345 -2.8107817
-1.77529840768 -1.77529840768 -2.0607734
-1.1009854140700002 -1.1009854140700002 -1.3498296
-0.732766626765 -0.732766626765 -0.9355465
-0.5174263986400001 -0.5174263986400001 -0.68020827
14.77613152775 14.77613152775 15.239513
4.72594416091 4.72594416091 5.9736414
0.47837355642000007 0.47837355642000007 1.6336731
-1.043918780055 -1.043918780055 -0.17358041
-1.2602326748550001 -1.2602326748550001 -0.8378006
-0.750242794925 -0.750242794925 -0.5317676
-0.36737106586500007 -0.36737106586500007 -0.22913028
-0.151641239795 -0.151641239795 -0.049296115
-0.006436071935000001 -0.006436071935000001 0.07085055
0.04408414038 0.04408414038 0.106932096
0.058833227945000004 0.058833227945000004 0.10919165
14.304649935085001 14.304649935085001 20.077435
0.76328189434 0.76328189434 6.039607
-3.6268788800100005 -3.6268788800100005 -0.0083396435
-4.331095032125 -4.331095032125 -2.1481664
-2.93561240278 -2.93561240278 -2.3013883
-1.5693055896750001 -1.5693055896750001 -1.4343128
-0.8056546025450001 -0.8056546025450001 -0.80035716
-0.419269061815 -0.419269061815 -0.4392952
-0.16491668672 -0.16491668672 -0.18300755
-0.06669954100500002 -0.06669954100500002 -0.07861728
-0.026083528595 -0.026083528595 -0.032924924
4.79968894236 4.79968894236 9.582169
-0.96209404861 -0.96209404861 2.9630327
-2.9219996053600004 -2.9219996053600004 0.0026347637
-2.8178406118300003 -2.8178406118300003 -1.3424337
-1.7149068404650003 -1.7149068404650003 -0.9583268
-0.8996359503450001 -0.8996359503450001 -0.46745428
-0.42665682499 -0.42665682499 -0.14594987
-0.09686425182 -0.09686425182 0.079140455
0.023392443605 0.023392443605 0.1477461
0.06282123117 0.06282123117 0.15675636
5.863720995285 5.863720995285 5.924214
-2.2575460993900003 -2.2575460993900003 -0.9700799
-3.6139786170350003 -3.6139786170350003 -2.4606292
-1.8926663442200002 -1.8926663442200002 -1.179962
-0.80212375138 -0.80212375138 -0.34609094
-0.29344932571500004 -0.29344932571500004 0.026273385
-0.014127001594999999 -0.014127001594999999 0.19728735
0.06093110746500001 0.06093110746500001 0.21327646
0.07565057939 0.07565057939 0.1893932
5.044464753695 5.044464753695 5.564124
-4.132087698185001 -4.132087698185001 -2.827694
-8.333037351685 -8.333037351685 -7.55232
-6.72484878964 -6.72484878964 -6.609045
-4.600309653835001 -4.600309653835001 -4.8208466
-3.03106403058 -3.03106403058 -3.3712146
-1.66113037803 -1.66113037803 -2.0041246
-0.9763981664350001 -0.9763981664350001 -1.2620268
-0.6179802656100001 -0.6179802656100001 -0.84392637
3.886869358825 3.886869358825 3.2452192
-6.068721479310001 -6.068721479310001 -5.136988
-5.86486615962 -5.86486615962 -5.6090846
-4.223404321015001 -4.223404321015001 -4.415798
-2.8988330597750003 -2.8988330597750003 -3.2347708
-1.7103679023200002 -1.7103679023200002 -2.0345795
-1.0932401628150001 -1.0932401628150001 -1.3510684
-0.75071572624 -0.75071572624 -0.9506462
10.787034440685002 10.787034440685002 10.407101
1.468750357445 1.468750357445 2.2293549
-2.3550454334050004 -2.3550454334050004 -1.488647
-3.551415577535 -3.551415577535 -2.896915
-3.187989456695 -3.187989456695 -2.9924517
-2.185680939645 -2.185680939645 -2.2267432
-1.4330496748600001 -1.4330496748600001 -1.5540572
-0.95773246299 -0.95773246299 -1.0906255
-0.562486411115 -0.562486411115 -0.67719436
-0.360719571655 -0.360719571655 -0.45201138
-0.24827641674000003 -0.24827641674000003 -0.32008815
4.55049669871 4.55049669871 9.923519
-2.864196518595 -2.864196518595 0.29694116
-2.9897075746600006 -2.9897075746600006 -1.4478614
-1.969864209525 -1.969864209525 -1.1894841
-1.143199594585 -1.143199594585 -0.6824731
-0.46374369281 -0.46374369281 -0.18181296
-0.172343674865 -0.172343674865 0.035344057
-0.048988075535 -0.048988075535 0.11343714
6.171066593655 6.171066593655 7.347621
1.343019100695 1.343019100695 2.3859758
-0.5136720649150001 -0.5136720649150001 0.18746406
-1.016394560845 -1.016394560845 -0.8235961
-0.5889440209500001 -0.5889440209500001 -0.59078753
-0.23758566954500002 -0.23758566954500002 -0.28249344
-0.04417387997 -0.04417387997 -0.08398017
0.07115189016000001 0.07115189016000001 0.05258527
0.09771475629000001 0.09771475629000001 0.093650244
0.09512512062 0.09512512062 0.098931484
7.131919305865001 7.131919305865001 8.719567
2.44306918039 2.44306918039 4.0443745
0.32137490511 0.32137490511 1.6967155
-0.692089335185 -0.692089335185 0.17778385
-0.463239518045 -0.463239518045 0.060226932
-0.14681307657 -0.14681307657 0.1735743
0.054845802330000006 0.054845802330000006 0.25958654
0.18164083291500002 0.18164083291500002 0.29631788
0.204548793005 0.204548793005 0.2761285
0.190418667065 0.190418667065 0.23700981
4.041407286515 4.041407286515 4.1377907
-1.65894617207 -1.65894617207 -1.2614683
-2.5835377362100003 -2.5835377362100003 -2.2765627
-2.18907132656 -2.18907132656 -1.998051
-1.096752661735 -1.096752661735 -1.0383346
-0.49628715913500004 -0.49628715913500004 -0.48064584
-0.22322872666000002 -0.22322872666000002 -0.21792787
-0.098751960065 -0.098751960065 -0.09671827
-0.023048608125 -0.023048608125 -0.020589408
0.002837246575 0.002837246575 0.0064761965
0.01143657298 0.01143657298 0.013835053
9.44919786695 9.44919786695 9.018355
2.25720457435 2.25720457435 2.2949972
-2.3286875138050003 -2.3286875138050003 -2.1849184
-2.3466324912450003 -2.3466324912450003 -2.2830067
-1.5616035541500002 -1.5616035541500002 -1.5610983
-0.9169870659400001 -0.9169870659400001 -0.9493377
-0.386703304995 -0.386703304995 -0.43094942
-0.16037071223500002 -0.16037071223500002 -0.19953494
-0.06406078223 -0.06406078223 -0.09694335
4.182184391095 4.182184391095 6.7957745
-4.466432625805 -4.466432625805 -2.6673155
-4.25379009893 -4.25379009893 -3.305494
-2.7789296253750004 -2.7789296253750004 -2.246491
-1.6403466049700002 -1.6403466049700002 -1.2939464
-0.7102549859 -0.7102549859 -0.48753712
-0.30711754744 -0.30711754744 -0.14343357
-0.129663021765 -0.129663021765 -0.0022078354
8.363994044575001 8.363994044575001 9.413408
-0.80824484208 -0.80824484208 1.6289573
-5.29358571502 -5.29358571502 -3.5212545
-4.31006942426 -4.31006942426 -3.5383134
-2.824161581845 -2.824161581845 -2.5784242
-1.7562012295650002 -1.7562012295650002 -1.7264401
-0.8717421132450002 -0.8717421132450002 -0.93000317
-0.46008059521000005 -0.46008059521000005 -0.5233459
-0.26013390988 -0.26013390988 -0.31292772
11.925055525325 11.925055525325 9.361132
3.873524519935 3.873524519935 2.8171842
-0.092392789025 -0.092392789025 -0.42379737
-2.329853445845 -2.329853445845 -2.1731555
-2.013800508 -2.013800508 -1.8061563
-1.3396099939650001 -1.3396099939650001 -1.1772845
-0.814511936835 -0.814511936835 -0.7019426
-0.36281359169000005 -0.36281359169000005 -0.30052415
-0.153628218195 -0.153628218195 -0.115593806
-0.05798490264 -0.05798490264 -0.032649536
3.2738919309550005 3.2738919309550005 1.2338808
-2.134134393125 -2.134134393125 -2.6719263
-4.1781603135 -4.1781603135 -4.2908206
-3.2082811060350003 -3.2082811060350003 -3.442813
-2.145951401055 -2.145951401055 -2.427002
-1.415813556165 -1.415813556165 -1.6777208
-0.7980860736950001 -0.7980860736950001 -0.9997328
-0.48726651874500004 -0.48726651874500004 -0.6360701
-0.31931283741000005 -0.31931283741000005 -0.42983094
7.57427643707 7.57427643707 8.798618
0.397774880965 0.397774880965 1.5830379
-1.5137337053200002 -1.5137337053200002 -0.74242914
-1.6491133595100003 -1.6491133595100003 -1.2048367
-0.9184334538900001 -0.9184334538900001 -0.781683
-0.382392916625 -0.382392916625 -0.3301108
-0.12562479272500002 -0.12562479272500002 -0.09286947
-0.012943583725 -0.012943583725 0.013917089
0.046344065760000004 0.046344065760000004 0.070610784
0.05842981987 0.05842981987 0.0809722
0.05596794103 0.05596794103 0.07444513
6.51707454363 6.51707454363 7.720052
1.8554869012700002 1.8554869012700002 3.2623272
-0.16948245747500001 -0.16948245747500001 1.0900116
-0.9935329933400001 -0.9935329933400001 -0.19299951
-0.6466915521350001 -0.6466915521350001 -0.16435125
-0.26453159612500005 -0.26453159612500005 0.046781287
-0.023224280330000003 -0.023224280330000003 0.19985384
0.139956031965 0.139956031965 0.29448256
0.184543323165 0.184543323165 0.30309376
0.183682054145 0.183682054145 0.27792585
12.130270223895 12.130270223895 7.8882914
-0.51642708083 -0.51642708083 -1.0133815
-5.775243063055001 -5.775243063055001 -5.0821447
-7.1481496217650005 -7.1481496217650005 -6.4629903
-5.30362363164 -5.30362363164 -5.079119
-3.5270813933350005 -3.5270813933350005 -3.5788426
-2.3152022106650003 -2.3152022106650003 -2.4770708
-1.28667552938 -1.28667552938 -1.473831
-0.7707438541450001 -0.7707438541450001 -0.9331919
-0.49451523544000003 -0.49451523544000003 -0.62699556
-3.7941364100200006 -3.7941364100200006 -1.1301112
-5.079438514095 -5.079438514095 -3.898919
-3.4521416680700003 -3.4521416680700003 -3.171347
-2.11851300944 -2.11851300944 -2.1417568
-1.04204724489 -1.04204724489 -1.1343844
-0.56211529669 -0.56211529669 -0.63384384
-0.33182586539000003 -0.33182586539000003 -0.38230836
