6.1988802217300005 6.1988802217300005 10.6280985
-0.164665977725 -0.164665977725 4.04364
-3.1031234773250005 -3.1031234773250005 -0.78617334
-2.370188582265 -2.370188582265 -1.3413782
-1.3966384007 -1.3966384007 -0.9390953
-0.7449310146000001 -0.7449310146000001 -0.5060105
-0.250982125765 -0.250982125765 -0.11400253
-0.051789431525000006 -0.051789431525000006 0.053502835
0.026480556705 0.026480556705 0.11281419
4.435571343585 4.435571343585 4.874828
-2.4620150246850003 -2.4620150246850003 -0.4205308
-4.881946566245 -4.881946566245 -3.372033
-3.6026072352200003 -3.6026072352200003 -2.9717815
-2.3209514780550005 -2.3209514780550005 -2.110834
-1.4863615550700002 -1.4863615550700002 -1.4294552
-0.81250760388 -0.81250760388 -0.81066054
-0.48694712667000006 -0.48694712667000006 -0.4893015
-0.31523708997500005 -0.31523708997500005 -0.3151771
3.1418765924650005 3.1418765924650005 3.383885
-5.608486662230001 -5.608486662230001 -4.58451
-5.1028246565 -5.1028246565 -5.003119
-3.5106361277500002 -3.5106361277500002 -3.8604665
-2.31788003688 -2.31788003688 -2.760616
-1.3080092921800002 -1.3080092921800002 -1.6769313
-0.81215751971 -0.81215751971 -1.0810654
-0.547563804255 -0.547563804255 -0.74233055
7.432235705595001 7.432235705595001 6.7801833
1.114538901445 1.114538901445 1.82887
-2.49662859274 -2.49662859274 -1.6013603
-2.2407382785100003 -2.2407382785100003 -1.7690562
-1.47046194715 -1.47046194715 -1.2803652
-0.887033497835 -0.887033497835 -0.8318358
-0.40761010898500005 -0.40761010898500005 -0.42536774
-0.194250899375 -0.194250899375 -0.22805287
-0.0971828825 -0.0971828825 -0.13245195
2.807485613575 2.807485613575 2.2199485
-2.6945407518650004 -2.6945407518650004 -2.544068
-4.274932173975 -4.274932173975 -4.4490614
-2.992274289715 -2.992274289715 -3.4484751
-1.8670357931400003 -1.8670357931400003 -2.3480732
-1.17714618062 -1.17714618062 -1.5910887
-0.644059120815 -0.644059120815 -0.94507843
-0.393152950765 -0.393152950765 -0.61068827
-0.261401527535 -0.261401527535 -0.42162922
4.318899269565001 4.318899269565001 5.337271
-4.8467276104 -4.8467276104 -0.6202166
-8.14646603981 -8.14646603981 -3.564493
-7.9736735619750005 -7.9736735619750005 -4.8755064
-5.770849708885001 -5.770849708885001 -4.055395
-3.91625282586 -3.91625282586 -2.9858017
-2.6623383117350006 -2.6623383117350006 -2.132964
-1.5661352984250003 -1.5661352984250003 -1.3064905
-0.98551592407 -0.98551592407 -0.8396132
-0.6574919139550001 -0.6574919139550001 -0.5681463
5.0279969088100005 5.0279969088100005 8.22708
2.179504923485 2.179504923485 4.378021
1.655375990915 1.655375990915 2.9330213
1.5088413223650001 1.5088413223650001 2.2757542
1.29292364177 1.29292364177 1.7233598
1.04872163346 1.04872163346 1.3428532
0.8311222676050001 0.8311222676050001 1.053019
4.865293334805 4.865293334805 5.748001
-0.7581745354450001 -0.7581745354450001 0.51609993
-3.03495544166 -3.03495544166 -1.9731786
-3.54405207398 -3.54405207398 -3.1242087
-2.64386621266 -2.64386621266 -2.593173
-1.7814185532 -1.7814185532 -1.8728002
-1.17919533086 -1.17919533086 -1.3071592
-0.6533771515900001 -0.6533771515900001 -0.7727194
-0.38454107446999997 -0.38454107446999997 -0.47990245
-0.24092160359 -0.24092160359 -0.31639233
7.035041086385 7.035041086385 7.034573
1.3272782567599999 1.3272782567599999 1.8776467
-1.3643375830850002 -1.3643375830850002 -0.83917713
-2.4231883955450004 -2.4231883955450004 -2.0980415
-2.5086003738950002 -2.5086003738950002 -2.555148
-1.8928149212650003 -1.8928149212650003 -2.1162539
-1.331239479885 -1.331239479885 -1.6015648
-0.9361710955950001 -0.9361710955950001 -1.196269
-0.58190263999 -0.58190263999 -0.7993457
-0.38952240936500004 -0.38952240936500004 -0.56332815
-0.278105903715 -0.278105903715 -0.41790792
9.14209223928 9.14209223928 8.857769
2.27100835064 2.27100835064 3.1474197
-2.161237009545 -2.161237009545 -1.1461931
-2.24244837168 -2.24244837168 -1.6259532
-1.553952925915 -1.553952925915 -1.2227701
-0.96640527714 -0.96640527714 -0.7908832
-0.455540869415 -0.455540869415 -0.3837817
-0.219442991955 -0.219442991955 -0.18740332
-0.10963625912000001 -0.10963625912000001 -0.095713206
6.272477896415 6.272477896415 6.093273
0.09318849930999999 0.09318849930999999 0.6198851
-1.7394511434300002 -1.7394511434300002 -1.358671
-1.9766474250700001 -1.9766474250700001 -1.8457328
-1.37450611833 -1.37450611833 -1.5235083
-0.83269313051 -0.83269313051 -1.0379997
-0.5249963190050001 -0.5249963190050001 -0.7126105
-0.35582304041 -0.35582304041 -0.51423126
-0.22373326899500004 -0.22373326899500004 -0.34244847
-0.15584978502000002 -0.15584978502000002 -0.24657057
-0.11616852937500001 -0.11616852937500001 -0.1865012
13.718931472160001 13.718931472160001 14.637501
4.2352980198 4.2352980198 6.472975
-0.30394683611 -0.30394683611 2.1051779
-2.20091826519 -2.20091826519 -0.056464195
-2.6890698662400006 -2.6890698662400006 -1.2804344
-1.970888522095 -1.970888522095 -1.0928283
-1.26607512124 -1.26607512124 -0.6934203
-0.7769643725300001 -0.7769643725300001 -0.37397012
-0.36317092224 -0.36317092224 -0.09252732
-0.16520289247500003 -0.16520289247500003 0.03648243
-0.068982570785 -0.068982570785 0.08908299
4.542106467125 4.542106467125 3.2748737
-0.5087747460200001 -0.5087747460200001 -0.5514853
-2.03620358444 -2.03620358444 -1.7991878
-1.83375232964 -1.83375232964 -1.7115026
-1.0737083069200002 -1.0737083069200002 -1.0864639
-0.59578959212 -0.59578959212 -0.6577148
-0.34292430022500003 -0.34292430022500003 -0.4125822
-0.16808498259 -0.16808498259 -0.22907509
-0.09390108626500002 -0.09390108626500002 -0.14273104
-0.058429110985 -0.058429110985 -0.09686868
5.165974153935 5.165974153935 3.9700031
-2.370834875345 -2.370834875345 -1.4794679
-5.940436477475001 -5.940436477475001 -4.9441013
-4.8798234294150005 -4.8798234294150005 -4.6169033
-3.382313003655 -3.382313003655 -3.5435
-2.273521768045 -2.273521768045 -2.5836504
-1.2991975365700001 -1.2991975365700001 -1.6152937
-0.80249368433 -0.80249368433 -1.0604308
-0.53421746883 -0.53421746883 -0.73608315
8.15923452894 8.15923452894 12.011825
2.18742119981 2.18742119981 5.5555253
-0.6576297789600001 -0.6576297789600001 1.8639604
-1.8087439170400001 -1.8087439170400001 -0.07231629
-2.008204858615 -2.008204858615 -1.2885878
-1.487261445195 -1.487261445195 -1.2104652
-1.00971715295 -1.00971715295 -0.90085334
-0.6821662579350001 -0.6821662579350001 -0.6335174
-0.396553813425 -0.396553813425 -0.37472582
-0.24605490242500003 -0.24605490242500003 -0.23118244
-0.16125723856500002 -0.16125723856500002 -0.15044753
11.05301273982 11.05301273982 10.36002
2.242745447005 2.242745447005 3.2379909
-1.0066644841 -1.0066644841 0.1781252
-1.872657434975 -1.872657434975 -0.91111785
-1.50053337395 -1.50053337395 -1.0190103
-0.8486866525650001 -0.8486866525650001 -0.6099241
-0.44705008118000006 -0.44705008118000006 -0.3087946
-0.23315117379000003 -0.23315117379000003 -0.14067236
-0.08693978305500001 -0.08693978305500001 -0.025352502
-0.029224282970000005 -0.029224282970000005 0.016994445
-0.005445759590000001 -0.005445759590000001 0.029147152
2.13837685981 2.13837685981 0.1646688
-5.17273237472 -5.17273237472 -3.8809595
-4.673358520255 -4.673358520255 -3.6368902
-3.249128792565 -3.249128792565 -2.6481774
-2.1608255936950003 -2.1608255936950003 -1.8054608
-1.2085045487550001 -1.2085045487550001 -1.0112166
-0.7248213911750001 -0.7248213911750001 -0.59246755
-0.463626569255 -0.463626569255 -0.3669218
11.456156505735 11.456156505735 9.570036
1.34532578623 1.34532578623 1.8676195
-3.06863189 -3.06863189 -1.9889321
-4.60578836345 -4.60578836345 -3.6566854
-4.380103534050001 -4.380103534050001 -4.0508533
-3.1807044818450003 -3.1807044818450003 -3.2579353
-2.1793403834 -2.1793403834 -2.4234557
-1.4987089402550002 -1.4987089402550002 -1.7846097
-0.90006514083 -0.90006514083 -1.1631378
-0.5812119759600001 -0.5812119759600001 -0.7997803
-0.40015132603500003 -0.40015132603500003 -0.57724625
13.958286046075001 13.958286046075001 10.723445
5.214100330330001 5.214100330330001 4.3881006
0.65584559418 0.65584559418 0.8505738
-2.176884674485 -2.176884674485 -1.6102974
-2.014353412045 -2.014353412045 -1.6276954
-1.375576403405 -1.375576403405 -1.1544538
-0.8674876217699999 -0.8674876217699999 -0.7390827
-0.43180167602499997 -0.43180167602499997 -0.3637339
-0.22720323481500002 -0.22720323481500002 -0.18246154
-0.12805663584500002 -0.12805663584500002 -0.09573248
4.246741287805 4.246741287805 10.749901
-2.9026806250050003 -2.9026806250050003 1.6713142
-4.33256696619 -4.33256696619 -1.5767137
-3.88986870377 -3.88986870377 -2.3108304
-2.214128757245 -2.214128757245 -1.6568098
-1.1156643220200002 -1.1156643220200002 -0.85030186
-0.558157329185 -0.558157329185 -0.38842362
-0.28550579670000004 -0.28550579670000004 -0.15882985
-0.10726107429000001 -0.10726107429000001 -0.016449252
-0.03890318872 -0.03890318872 0.028395308
-0.01077305662 -0.01077305662 0.040987026
6.816257593775 6.816257593775 10.153303
0.5226970373800001 0.5226970373800001 3.6994255
0.0057443577050000005 0.0057443577050000005 1.8873645
0.300048624985 0.300048624985 1.3943443
0.5601866306450001 0.5601866306450001 1.1490254
0.5677689433700001 0.5677689433700001 0.9601791
0.489595652305 0.489595652305 0.7799119
9.98400554818 9.98400554818 8.497428
2.53274182014 2.53274182014 2.7748666
-2.22979272654 -2.22979272654 -1.3093705
-2.296930148435 -2.296930148435 -1.6058991
-1.5448737106200001 -1.5448737106200001 -1.1061798
-0.9130729967950001 -0.9130729967950001 -0.63571244
-0.37414737634500006 -0.37414737634500006 -0.22185934
-0.136171373715 -0.136171373715 -0.040459752
-0.033775797260000004 -0.033775797260000004 0.031840775
5.606229729920001 5.606229729920001 4.4468985
-4.035863910835 -4.035863910835 -2.829667
-6.034076930355001 -6.034076930355001 -5.0043235
-4.40398172141 -4.40398172141 -4.3729753
-2.53121246639 -2.53121246639 -2.850927
-1.4760097599250002 -1.4760097599250002 -1.8178807
-0.9204256307800001 -0.9204256307800001 -1.2070545
-0.513303549735 -0.513303549735 -0.71710974
-0.320574678965 -0.320574678965 -0.46714398
-0.21664252863500003 -0.21664252863500003 -0.3248317
13.488989263235002 13.488989263235002 18.113548
0.42528437112 0.42528437112 7.013735
-4.52484771662 -4.52484771662 1.0800128
-5.756149823190001 -5.756149823190001 -3.0417647
-4.2226098184600005 -4.2226098184600005 -3.1350017
-2.778545829785 -2.778545829785 -2.3490827
-1.813346182245 -1.813346182245 -1.6213418
-1.01288618396 -1.01288618396 -0.92819333
-0.61606260041 -0.61606260041 -0.5642586
-0.402127644905 -0.402127644905 -0.36561504
0.295907056265 0.295907056265 3.8857975
-6.275120698460001 -6.275120698460001 -2.2961736
-5.742536421905001 -5.742536421905001 -4.032465
-3.21262418188 -3.21262418188 -2.6979344
-1.7288545466650003 -1.7288545466650003 -1.5934516
-0.977492107265 -0.977492107265 -0.94949305
-0.46868414867 -0.46868414867 -0.4770859
-0.25399911407000003 -0.25399911407000003 -0.26773608
-0.15098541615 -0.15098541615 -0.16360804
0.9331928596700001 0.9331928596700001 2.5882835
-3.6074796906300004 -3.6074796906300004 -2.3678546
-3.2769801490750003 -3.2769801490750003 -3.156811
-1.724724267595 -1.724724267595 -1.9095982
-0.886864310615 -0.886864310615 -1.0830975
-0.49280514227000005 -0.49280514227000005 -0.64956987
-0.24007396091500002 -0.24007396091500002 -0.34570864
-0.136287053245 -0.136287053245 -0.20915516
-0.08608064069 -0.08608064069 -0.13785328
13.544378806615 13.544378806615 15.467903
4.897869593625 4.897869593625 7.274935
0.70125335413 0.70125335413 2.7949224
-1.10890218924 -1.10890218924 0.51620054
-1.7448877662800002 -1.7448877662800002 -0.8994311
-1.27476389843 -1.27476389843 -0.8535944
-0.7805077210750001 -0.7805077210750001 -0.5593419
-0.44430412324000007 -0.44430412324000007 -0.31453282
-0.17426835015 -0.17426835015 -0.10075991
-0.05602462557500001 -0.05602462557500001 -0.004655599
-0.00503691673 -0.00503691673 0.034266166
7.9638664793150005 7.9638664793150005 11.262821
-0.45087057750500004 -0.45087057750500004 2.6411319
-2.237454749445 -2.237454749445 -0.26996392
-2.0433975332050003 -2.0433975332050003 -0.94413847
-0.9386521405850001 -0.9386521405850001 -0.61621726
-0.32334930736500006 -0.32334930736500006 -0.19783911
-0.07189112594000001 -0.07189112594000001 0.0037361118
0.023211074065000004 0.023211074065000004 0.08090679
0.061847669515 0.061847669515 0.10604876
0.062354023445000004 0.062354023445000004 0.09570664
0.05409472554500001 0.05409472554500001 0.08019648
10.364578048125 10.364578048125 8.687768
2.211235823815 2.211235823815 2.6084518
-2.4122992393150002 -2.4122992393150002 -1.6210321
-2.30919598559 -2.30919598559 -1.9727731
-1.575721261475 -1.575721261475 -1.513139
-1.0072062297700002 -1.0072062297700002 -1.0483751
-0.5267549839250001 -0.5267549839250001 -0.5967162
-0.29920675841000005 -0.29920675841000005 -0.3596718
-0.18547545443000002 -0.18547545443000002 -0.23436752
6.2449424138100005 6.2449424138100005 8.23082
-1.6418299599600001 -1.6418299599600001 0.987555
-4.926352382885001 -4.926352382885001 -2.706237
-5.863160556055 -5.863160556055 -4.300026
-5.087502291010001 -5.087502291010001 -4.580412
-3.6579406979200004 -3.6579406979200004 -3.6755533
-2.533258807345 -2.533258807345 -2.7481942
-1.77529840768 -1.77529840768 -2.039623
-1.1009854140700002 -1.1009854140700002 -1.3460224
-0.732766626765 -0.732766626765 -0.9349082
-0.5174263986400001 -0.5174263986400001 -0.68010616
14.77613152775 14.77613152775 14.772779
4.72594416091 4.72594416091 6.3341656
0.47837355642000007 0.47837355642000007 2.1425884
-1.043918780055 -1.043918780055 0.251307
-1.2602326748550001 -1.2602326748550001 -0.6496414
-0.750242794925 -0.750242794925 -0.46749783
-0.36737106586500007 -0.36737106586500007 -0.20987557
-0.151641239795 -0.151641239795 -0.043972477
-0.006436071935000001 -0.006436071935000001 0.07155404
0.04408414038 0.04408414038 0.107018545
0.058833227945000004 0.058833227945000004 0.1092018
14.304649935085001 14.304649935085001 20.57951
0.76328189434 0.76328189434 7.4161134
-3.6268788800100005 -3.6268788800100005 1.2542882
-4.331095032125 -4.331095032125 -1.2444766
-2.93561240278 -2.93561240278 -1.9639825
-1.5693055896750001 -1.5693055896750001 -1.3328204
-0.8056546025450001 -0.8056546025450001 -0.7733361
-0.419269061815 -0.419269061815 -0.43265215
-0.16491668672 -0.16491668672 -0.18227455
-0.06669954100500002 -0.06669954100500002 -0.078542545
-0.026083528595 -0.026083528595 -0.03291768
4.79968894236 4.79968894236 10.882546
-0.96209404861 -0.96209404861 4.262243
-2.9219996053600004 -2.9219996053600004 1.0297246
-2.8178406118300003 -2.8178406118300003 -0.8615993
-1.7149068404650003 -1.7149068404650003 -0.772588
-0.8996359503450001 -0.8996359503450001 -0.40303633
-0.42665682499 -0.42665682499 -0.12515311
-0.09686425182 -0.09686425182 0.082615234
0.023392443605 0.023392443605 0.14828256
0.06282123117 0.06282123117 0.15683477
5.863720995285 5.863720995285 7.1594076
-2.2575460993900003 -2.2575460993900003 0.12969899
-3.6139786170350003 -3.6139786170350003 -2.0602703
-1.8926663442200002 -1.8926663442200002 -1.0803971
-0.80212375138 -0.80212375138 -0.3257834
-0.29344932571500004 -0.29344932571500004 0.029912509
-0.014127001594999999 -0.014127001594999999 0.19752245
0.06093110746500001 0.06093110746500001 0.21328989
0.07565057939 0.07565057939 0.18939391
5.044464753695 5.044464753695 5.894209
-4.132087698185001 -4.132087698185001 -1.6853309
-8.333037351685 -8.333037351685 -6.550045
-6.72484878964 -6.72484878964 -6.104535
-4.600309653835001 -4.600309653835001 -4.6142335
-3.03106403058 -3.03106403058 -3.2958157
-1.66113037803 -1.66113037803 -1.9895871
-0.9763981664350001 -0.9763981664350001 -1.2595013
-0.6179802656100001 -0.6179802656100001 -0.8435168
3.886869358825 3.886869358825 3.3824325
-6.068721479310001 -6.068721479310001 -4.440381
-5.86486615962 -5.86486615962 -5.192271
-4.223404321015001 -4.223404321015001 -4.231027
-2.8988330597750003 -2.8988330597750003 -3.1633744
-1.7103679023200002 -1.7103679023200002 -2.0197191
-1.0932401628150001 -1.0932401628150001 -1.3482796
-0.75071572624 -0.75071572624 -0.9501555
10.787034440685002 10.787034440685002 10.281057
1.468750357445 1.468750357445 2.7838786
-2.3550454334050004 -2.3550454334050004 -0.8511025
-3.551415577535 -3.551415577535 -2.3766384
-3.187989456695 -3.187989456695 -2.749786
-2.185680939645 -2.185680939645 -2.1355634
-1.4330496748600001 -1.4330496748600001 -1.5234513
-0.95773246299 -0.95773246299 -1.0810559
-0.562486411115 -0.562486411115 -0.67566144
-0.360719571655 -0.360719571655 -0.45178238
-0.24827641674000003 -0.24827641674000003 -0.32005548
4.55049669871 4.55049669871 10.461027
-2.864196518595 -2.864196518595 1.1096283
-2.9897075746600006 -2.9897075746600006 -0.9888802
-1.969864209525 -1.969864209525 -0.9904921
-1.143199594585 -1.143199594585 -0.6072474
-0.46374369281 -0.46374369281 -0.16681428
-0.172343674865 -0.172343674865 0.038005978
-0.048988075535 -0.048988075535 0.11387535
6.171066593655 6.171066593655 7.859394
1.343019100695 1.343019100695 3.0450892
-0.5136720649150001 -0.5136720649150001 0.74084747
-1.016394560845 -1.016394560845 -0.5630507
-0.5889440209500001 -0.5889440209500001 -0.493849
-0.23758566954500002 -0.23758566954500002 -0.25046948
-0.04417387997 -0.04417387997 -0.07413991
0.07115189016000001 0.07115189016000001 0.054123525
0.09771475629000001 0.09771475629000001 0.09387552
0.09512512062 0.09512512062 0.09896316
7.131919305865001 7.131919305865001 9.4053545
2.44306918039 2.44306918039 4.7973332
0.32137490511 0.32137490511 2.323279
-0.692089335185 -0.692089335185 0.49101675
-0.463239518045 -0.463239518045 0.18708955
-0.14681307657 -0.14681307657 0.21945955
0.054845802330000006 0.054845802330000006 0.27504513
0.18164083291500002 0.18164083291500002 0.29909208
0.204548793005 0.204548793005 0.27659455
0.190418667065 0.190418667065 0.23708491
4.041407286515 4.041407286515 4.62751
-1.65894617207 -1.65894617207 -0.6728647
-2.5835377362100003 -2.5835377362100003 -1.9110355
-2.18907132656 -2.18907132656 -1.8131213
-1.096752661735 -1.096752661735 -1.002489
-0.49628715913500004 -0.49628715913500004 -0.47490013
-0.22322872666000002 -0.22322872666000002 -0.21709664
-0.098751960065 -0.098751960065 -0.09660523
-0.023048608125 -0.023048608125 -0.020584114
0.002837246575 0.002837246575 0.0064764433
0.01143657298 0.01143657298 0.01383506
9.44919786695 9.44919786695 9.508343
2.25720457435 2.25720457435 3.1178412
-2.3286875138050003 -2.3286875138050003 -1.5763313
-2.3466324912450003 -2.3466324912450003 -2.0030236
-1.5616035541500002 -1.5616035541500002 -1.4583958
-0.9169870659400001 -0.9169870659400001 -0.9167827
-0.386703304995 -0.386703304995 -0.426113
-0.16037071223500002 -0.16037071223500002 -0.19891438
-0.06406078223 -0.06406078223 -0.09687095
4.182184391095 4.182184391095 8.200548
-4.466432625805 -4.466432625805 -1.5895857
-4.25379009893 -4.25379009893 -2.8150525
-2.7789296253750004 -2.7789296253750004 -2.0670419
-1.6403466049700002 -1.6403466049700002 -1.2362977
-0.7102549859 -0.7102549859 -0.47856304
-0.30711754744 -0.30711754744 -0.14219838
-0.129663021765 -0.129663021765 -0.0020507937
8.363994044575001 8.363994044575001 9.293133
-0.80824484208 -0.80824484208 2.3723686
-5.29358571502 -5.29358571502 -2.7346869
-4.31006942426 -4.31006942426 -3.1233582
-2.824161581845 -2.824161581845 -2.4034934
-1.7562012295650002 -1.7562012295650002 -1.66102
-0.8717421132450002 -0.8717421132450002 -0.91693574
-0.46008059521000005 -0.46008059521000005 -0.52099127
-0.26013390988 -0.26013390988 -0.3125307
11.925055525325 11.925055525325 9.826185
3.873524519935 3.873524519935 3.6157584
-0.092392789025 -0.092392789025 0.3431853
-2.329853445845 -2.329853445845 -1.7374538
-2.013800508 -2.013800508 -1.6194519
-1.3396099939650001 -1.3396099939650001 -1.1082895
-0.814511936835 -0.814511936835 -0.6787476
-0.36281359169000005 -0.36281359169000005 -0.29650712
-0.153628218195 -0.153628218195 -0.11496155
-0.05798490264 -0.05798490264 -0.032556117
3.2738919309550005 3.2738919309550005 1.7311912
-2.134134393125 -2.134134393125 -1.9036717
-4.1781603135 -4.1781603135 -3.7779887
-3.2082811060350003 -3.2082811060350003 -3.2185657
-2.145951401055 -2.145951401055 -2.3444648
-1.415813556165 -1.415813556165 -1.6502073
-0.7980860736950001 -0.7980860736950001 -0.9950199
-0.48726651874500004 -0.48726651874500004 -0.6353327
-0.31931283741000005 -0.31931283741000005 -0.42972204
7.57427643707 7.57427643707 8.916343
0.397774880965 0.397774880965 2.0886543
-1.5137337053200002 -1.5137337053200002 -0.3371945
-1.6491133595100003 -1.6491133595100003 -0.95781577
-0.9184334538900001 -0.9184334538900001 -0.7152078
-0.382392916625 -0.382392916625 -0.31556374
-0.12562479272500002 -0.12562479272500002 -0.09001455
-0.012943583725 -0.012943583725 0.01444141
0.046344065760000004 0.046344065760000004 0.07064903
0.05842981987 0.05842981987 0.08097484
0.05596794103 0.05596794103 0.07444531
6.51707454363 6.51707454363 8.026836
1.8554869012700002 1.8554869012700002 3.7676063
-0.16948245747500001 -0.16948245747500001 1.5581926
-0.9935329933400001 -0.9935329933400001 0.060967237
-0.6466915521350001 -0.6466915521350001 -0.05726608
-0.26453159612500005 -0.26453159612500005 0.08667819
-0.023224280330000003 -0.023224280330000003 0.21364368
0.139956031965 0.139956031965 0.29704514
0.184543323165 0.184543323165 0.3035381
0.183682054145 0.183682054145 0.2779996
12.130270223895 12.130270223895 6.796666
-0.51642708083 -0.51642708083 -0.5829611
-5.775243063055001 -5.775243063055001 -4.2182546
-7.1481496217650005 -7.1481496217650005 -5.807631
-5.30362363164 -5.30362363164 -4.771247
-3.5270813933350005 -3.5270813933350005 -3.4589205
-2.3152022106650003 -2.3152022106650003 -2.4350579
-1.28667552938 -1.28667552938 -1.4661419
-0.7707438541450001 -0.7707438541450001 -0.9319178
-0.49451523544000003 -0.49451523544000003 -0.6267982
-3.7941364100200006 -3.7941364100200006 -0.2747488
-5.079438514095 -5.079438514095 -3.3644874
-3.4521416680700003 -3.4521416680700003 -2.9515297
-2.11851300944 -2.11851300944 -2.0658498
-1.04204724489 -1.04204724489 -1.1214802
-0.56211529669 -0.56211529669 -0.6319077
-0.33182586539000003 -0.33182586539000003 -0.38203886
