9.491347460165 9.491347460165 10.87509
3.77576274094 3.77576274094 5.4852285
1.0345665127600001 1.0345665127600001 2.4978466
-0.182621142105 -0.182621142105 0.9112425
-0.7509271577550001 -0.7509271577550001 -0.24909097
-0.607960386175 -0.607960386175 -0.41206732
-0.40556148384500007 -0.40556148384500007 -0.33993542
-0.259508437015 -0.259508437015 -0.24394096
-0.135266678925 -0.135266678925 -0.14015205
-0.07484056013000001 -0.07484056013000001 -0.08181518
-0.044067888535 -0.044067888535 -0.049708087
10.819388477184999 10.819388477184999 9.241878
-0.6593722445450001 -0.6593722445450001 0.26455402
-1.51396028597 -1.51396028597 -1.0359933
-0.9646557752150001 -0.9646557752150001 -0.82454246
-0.527037960315 -0.527037960315 -0.5066712
-0.21260823784500002 -0.21260823784500002 -0.22629148
-0.093794490965 -0.093794490965 -0.10520709
-0.04542960411000001 -0.04542960411000001 -0.052603293
11.90699368688 11.90699368688 13.198887
2.675979779615 2.675979779615 4.9672656
-0.54102413009 -0.54102413009 1.2821087
-1.3586512751850002 -1.3586512751850002 -0.18150583
-1.07107493042 -1.07107493042 -0.69414645
-0.5832952839550001 -0.5832952839550001 -0.4823204
-0.30542089683 -0.30542089683 -0.2814078
-0.16570696222 -0.16570696222 -0.16079806
-0.07294185104 -0.07294185104 -0.07332689
-0.035594979955 -0.035594979955 -0.036198594
-0.018830663610000003 -0.018830663610000003 -0.019209322
8.263718900685 8.263718900685 10.457267
0.9758499095250002 0.9758499095250002 3.21565
-1.0513647505650001 -1.0513647505650001 0.41652715
-1.3126472904400002 -1.3126472904400002 -0.49066007
-0.8022472286450001 -0.8022472286450001 -0.5985456
-0.39814754443500006 -0.39814754443500006 -0.35896793
-0.20076655021500003 -0.20076655021500003 -0.19781394
-0.10755649555 -0.10755649555 -0.11173305
-0.047222321765000005 -0.047222321765000005 -0.0515551
-0.023134278190000003 -0.023134278190000003 -0.026334316
-0.01231049691 -0.01231049691 -0.014646873
8.697884209340002 8.697884209340002 9.920089
1.3911446469700002 1.3911446469700002 3.3489742
-0.95062870015 -0.95062870015 0.5893196
-1.256251419165 -1.256251419165 -0.661134
-0.7108495041199999 -0.7108495041199999 -0.52127254
-0.365517200315 -0.365517200315 -0.3050809
-0.19268008898000002 -0.19268008898000002 -0.1707219
-0.08161319491 -0.08161319491 -0.07503245
-0.038736600745 -0.038736600745 -0.03580871
-0.020131598860000002 -0.020131598860000002 -0.01846726
3.9374155110800007 3.9374155110800007 5.5548453
-0.38775794209000003 -0.38775794209000003 1.1707058
-1.3829513278849999 -1.3829513278849999 -0.36381942
-1.030746699065 -1.030746699065 -0.73627114
-0.5240568625950001 -0.5240568625950001 -0.46085504
-0.26124318363 -0.26124318363 -0.25315225
-0.137186759585 -0.137186759585 -0.13904586
-0.05846694444000001 -0.05846694444000001 -0.06052619
-0.027906702050000003 -0.027906702050000003 -0.028773474
-0.014575699545000001 -0.014575699545000001 -0.014699076
7.71192956422 7.71192956422 8.287228
-0.329333872065 -0.329333872065 1.2658404
-1.7668496011900003 -1.7668496011900003 -0.71448606
-1.0702078853 -1.0702078853 -0.83168525
-0.45254769439500003 -0.45254769439500003 -0.41511512
-0.19775980136000001 -0.19775980136000001 -0.19367781
-0.09449347783 -0.09449347783 -0.09479411
-0.03621257632 -0.03621257632 -0.03637953
-0.015912787930000002 -0.015912787930000002 -0.015655933
-0.007724115980000001 -0.007724115980000001 -0.0073058307
5.1734092811300005 5.1734092811300005 7.1596155
-0.366129309385 -0.366129309385 1.5943547
-1.5484131734250002 -1.5484131734250002 -0.3036077
-1.07501123755 -1.07501123755 -0.7363738
-0.508585263685 -0.508585263685 -0.43213218
-0.23999574727 -0.23999574727 -0.22345853
-0.121082362665 -0.121082362665 -0.11707135
-0.04946250338500001 -0.04946250338500001 -0.04854658
-0.02289152446 -0.02289152446 -0.02237028
-0.011638132615000001 -0.011638132615000001 -0.011218357
11.198418285840003 11.198418285840003 11.229525
1.512345577215 1.512345577215 3.1585495
-1.21494219599 -1.21494219599 0.09655309
-1.322724773345 -1.322724773345 -0.9427938
-0.6783958036400001 -0.6783958036400001 -0.6163284
-0.328347996815 -0.328347996815 -0.3314959
-0.167043788055 -0.167043788055 -0.1772765
-0.068553459065 -0.068553459065 -0.074930705
-0.031926920160000004 -0.031926920160000004 -0.035261735
-0.016389526220000002 -0.016389526220000002 -0.018136416
9.891950713515001 9.891950713515001 10.986018
1.306041716225 1.306041716225 3.2602038
-1.0716158096750001 -1.0716158096750001 0.36723584
-1.39425029841 -1.39425029841 -0.53006476
-0.8490903757000001 -0.8490903757000001 -0.59772587
-0.41624698004000005 -0.41624698004000005 -0.3462717
-0.20795165104500002 -0.20795165104500002 -0.18625759
-0.11082944385 -0.11082944385 -0.10239894
-0.04859359416000001 -0.04859359416000001 -0.04545826
-0.023943273505000005 -0.023943273505000005 -0.02225772
-0.01290947848 -0.01290947848 -0.011782788
9.840891617325001 9.840891617325001 10.295904
2.3806296444100004 2.3806296444100004 3.8404803
-0.287151433845 -0.287151433845 0.98324656
-1.018481623305 -1.018481623305 -0.14583406
-0.8620375826150001 -0.8620375826150001 -0.54423803
-0.48596610859500006 -0.48596610859500006 -0.38342887
-0.26112477358 -0.26112477358 -0.22840494
-0.14460206425500002 -0.14460206425500002 -0.13344394
-0.06523721627000001 -0.06523721627000001 -0.06252789
-0.032539606840000006 -0.032539606840000006 -0.031630687
-0.01757845764 -0.01757845764 -0.017122159
10.266508009175 10.266508009175 10.139189
3.2613994606400003 3.2613994606400003 4.5980988
-1.1100245642350002 -1.1100245642350002 0.18537307
-1.369451006885 -1.369451006885 -0.69897723
-0.949309832735 -0.949309832735 -0.6585724
-0.5836987182850001 -0.5836987182850001 -0.46524748
-0.27411658774000003 -0.27411658774000003 -0.24189605
-0.135039625685 -0.135039625685 -0.12335222
-0.070914676235 -0.070914676235 -0.06449636
4.065608489140001 4.065608489140001 6.126323
-0.32184074757500003 -0.32184074757500003 1.6083957
-1.41633989015 -1.41633989015 -0.12060881
-1.11058518725 -1.11058518725 -0.6849478
-0.577821536535 -0.577821536535 -0.4510115
-0.29172733903000003 -0.29172733903000003 -0.24866137
-0.154411352335 -0.154411352335 -0.13503966
-0.06647855267000001 -0.06647855267000001 -0.057515886
-0.03208439765 -0.03208439765 -0.026539883
-0.016899030750000002 -0.016899030750000002 -0.013101757
5.626496673305001 5.626496673305001 7.757722
1.096282382175 1.096282382175 3.3072333
-1.375088848055 -1.375088848055 -0.08593494
-1.24640419261 -1.24640419261 -0.6740363
-0.81032203266 -0.81032203266 -0.5804677
-0.48954978482000006 -0.48954978482000006 -0.40044743
-0.23118265265500001 -0.23118265265500001 -0.20900203
-0.116466891195 -0.116466891195 -0.110174365
-0.06310297357500001 -0.06310297357500001 -0.06096353
6.645960233609999 6.645960233609999 8.375496
1.486201058255 1.486201058255 3.6469467
-1.4875080846650002 -1.4875080846650002 -0.06958938
-1.426232327815 -1.426232327815 -0.7574266
-0.948948984015 -0.948948984015 -0.66916716
-0.580426085045 -0.580426085045 -0.46860734
-0.27626550698 -0.27626550698 -0.24739927
-0.13919272035 -0.13919272035 -0.13065326
-0.07505574611 -0.07505574611 -0.07192076
8.967252921645 8.967252921645 10.056391
2.8156637047600004 2.8156637047600004 4.6722536
0.0173766092 0.0173766092 1.7671928
-1.40202456144 -1.40202456144 -0.3960468
-1.175144735715 -1.175144735715 -0.7124744
-0.777783134705 -0.777783134705 -0.58413255
-0.48653261273000004 -0.48653261273000004 -0.40961498
-0.24245788866 -0.24245788866 -0.22379372
-0.1277563049 -0.1277563049 -0.12309473
-0.07166664569 -0.07166664569 -0.0703528
1.81220175305 1.81220175305 4.259727
-1.7601813300350002 -1.7601813300350002 0.032602787
-1.23105903778 -1.23105903778 -0.84881395
-0.482434548545 -0.482434548545 -0.4289139
-0.196042015475 -0.196042015475 -0.1903042
-0.08875736419500001 -0.08875736419500001 -0.08746706
-0.032064680145 -0.032064680145 -0.030444752
-0.013504180485 -0.013504180485 -0.01295021
-0.006398684815000001 -0.006398684815000001 -0.005877464
2.9043796910750004 2.9043796910750004 5.355245
-1.0136225842 -1.0136225842 0.70480245
-1.491597090875 -1.491597090875 -0.60428476
-0.7992253044 -0.7992253044 -0.64017856
-0.34092566460500007 -0.34092566460500007 -0.32518208
-0.152678102255 -0.152678102255 -0.1559711
-0.07473774555000001 -0.07473774555000001 -0.078244135
-0.029617215300000003 -0.029617215300000003 -0.032101106
-0.013407745870000001 -0.013407745870000001 -0.014799195
-0.00670017098 -0.00670017098 -0.007532699
10.46007990174 10.46007990174 10.732473
-0.5146318952050001 -0.5146318952050001 1.2733498
-1.814665443485 -1.814665443485 -0.8167968
-1.341072817545 -1.341072817545 -0.9269304
-0.819556992615 -0.819556992615 -0.66820955
-0.37229125286500003 -0.37229125286500003 -0.34308234
-0.17808829512000002 -0.17808829512000002 -0.17254539
-0.09195467184000002 -0.09195467184000002 -0.09039248
8.876640667955 8.876640667955 11.097813
0.26003146287 0.26003146287 2.5061147
-1.431993042385 -1.431993042385 -0.14472032
-1.3355943442250002 -1.3355943442250002 -0.7249161
-0.62316814859 -0.62316814859 -0.5213091
-0.263918646895 -0.263918646895 -0.25317407
-0.119992570125 -0.119992570125 -0.120808914
-0.05950049877 -0.05950049877 -0.060747754
-0.023696345230000002 -0.023696345230000002 -0.0238169
-0.0105959929 -0.0105959929 -0.010203728
-0.005143118205 -0.005143118205 -0.0045944345
4.526356460195 4.526356460195 5.4231534
-0.786443451475 -0.786443451475 0.5191206
-1.5203302740700002 -1.5203302740700002 -0.7419188
-0.8169811933300001 -0.8169811933300001 -0.6737894
-0.33671339117 -0.33671339117 -0.32895258
-0.14606228859 -0.14606228859 -0.15451956
-0.069460201745 -0.069460201745 -0.076184385
-0.026365192235000005 -0.026365192235000005 -0.02966597
-0.011502000440000002 -0.011502000440000002 -0.013005971
-0.005556581945000001 -0.005556581945000001 -0.006207569
10.007952339855 10.007952339855 11.248211
3.8976909346850004 3.8976909346850004 5.697467
0.9444951383250001 0.9444951383250001 2.594192
-0.36610095398500003 -0.36610095398500003 0.9363272
-0.9504458865850001 -0.9504458865850001 -0.27849755
-0.754111626705 -0.754111626705 -0.4435053
-0.5002458092700001 -0.5002458092700001 -0.36130163
-0.31846795151 -0.31846795151 -0.25547877
-0.16402763991000002 -0.16402763991000002 -0.14328073
-0.08921669542 -0.08921669542 -0.08137566
-0.051469986940000004 -0.051469986940000004 -0.048049588
4.31103597583 4.31103597583 6.479865
-0.300903750335 -0.300903750335 1.7371824
-1.443123377045 -1.443123377045 -0.050813854
-1.122476995675 -1.122476995675 -0.6361818
-0.574815601585 -0.574815601585 -0.41852805
-0.285200634835 -0.285200634835 -0.23090903
-0.14858001181500002 -0.14858001181500002 -0.1266232
-0.06264899837 -0.06264899837 -0.05530274
-0.029670539205000002 -0.029670539205000002 -0.026645672
-0.015398688775 -0.015398688775 -0.0139409285
5.960417346380001 5.960417346380001 6.8542075
1.328390024735 1.328390024735 2.803677
-1.394658642425 -1.394658642425 -0.31201148
-1.3630918095900002 -1.3630918095900002 -0.8340518
-0.927321060195 -0.927321060195 -0.7074025
-0.57924075056 -0.57924075056 -0.49728855
-0.28329507319 -0.28329507319 -0.27091643
-0.1459877769 -0.1459877769 -0.1488253
-0.080308400175 -0.080308400175 -0.08542563
5.906779615365001 5.906779615365001 8.573872
-0.16261806147 -0.16261806147 1.8775177
-1.2741744999350002 -1.2741744999350002 -0.16444778
-1.13105195744 -1.13105195744 -0.6004209
-0.5310966945100001 -0.5310966945100001 -0.4283407
-0.23116521933500003 -0.23116521933500003 -0.21298742
-0.108029951965 -0.108029951965 -0.105097316
-0.054890304555 -0.054890304555 -0.05456566
-0.022565043535 -0.022565043535 -0.02300635
-0.0103775513 -0.0103775513 -0.010685564
-0.005174729225 -0.005174729225 -0.0053479336
6.253259709005001 6.253259709005001 7.598624
1.75011939009 1.75011939009 3.4378557
-0.28431402974 -0.28431402974 1.2144246
-1.254490128745 -1.254490128745 -0.3991588
-1.01416858318 -1.01416858318 -0.5995352
-0.6672600079400001 -0.6672600079400001 -0.47541565
-0.41762392351500005 -0.41762392351500005 -0.32727394
-0.20871262596500004 -0.20871262596500004 -0.17590582
-0.11024760679500001 -0.11024760679500001 -0.09545161
-0.06190235868 -0.06190235868 -0.053738467
3.01178598177 3.01178598177 4.1908813
-0.98665665131 -0.98665665131 0.1795891
-1.4202071203750002 -1.4202071203750002 -0.77772933
-0.7281395768400001 -0.7281395768400001 -0.6110194
-0.30486707386 -0.30486707386 -0.2920724
-0.13652082776500002 -0.13652082776500002 -0.13820212
-0.06743948567 -0.06743948567 -0.06976956
-0.027341143095000003 -0.027341143095000003 -0.028583055
-0.012734147590000001 -0.012734147590000001 -0.013339472
-0.0065709701250000006 -0.0065709701250000006 -0.006871865
14.13360688041 14.13360688041 13.108969
5.193124711985001 5.193124711985001 6.308969
0.98983009316 0.98983009316 2.5820909
-1.375029774305 -1.375029774305 -0.2500956
-1.2708653985 -1.2708653985 -0.70918703
-0.8447546512549999 -0.8447546512549999 -0.59124255
-0.5202282009650001 -0.5202282009650001 -0.40623266
-0.251236116635 -0.251236116635 -0.21251439
-0.12852851696 -0.12852851696 -0.11168751
-0.070358280275 -0.070358280275 -0.061079923
3.6979300034800002 3.6979300034800002 6.0589924
-0.7570639226900001 -0.7570639226900001 1.4902248
-1.7452413423650002 -1.7452413423650002 -0.8223795
-1.018395926985 -1.018395926985 -0.75171626
-0.52095023972 -0.52095023972 -0.4581615
-0.27026760474 -0.27026760474 -0.2606937
-0.11147179868000001 -0.11147179868000001 -0.11420134
-0.05164426763 -0.05164426763 -0.054084107
-0.026226277029999998 -0.026226277029999998 -0.027720947
10.572682266975 10.572682266975 12.734742
4.193086464785 4.193086464785 6.5607085
1.1194566992400001 1.1194566992400001 3.10527
-0.25038282913500004 -0.25038282913500004 1.2480371
-0.88719987577 -0.88719987577 -0.14708227
-0.7149049301850001 -0.7149049301850001 -0.37699163
-0.475087716915 -0.475087716915 -0.322284
-0.30198332968 -0.30198332968 -0.23022132
-0.15487821874500002 -0.15487821874500002 -0.12873182
-0.08391654606 -0.08391654606 -0.072211675
-0.04822192838 -0.04822192838 -0.04189863
8.903990212650001 8.903990212650001 11.129572
2.31625879063 2.31625879063 5.0990753
-1.6027228749100002 -1.6027228749100002 0.19605881
-1.6648912229950001 -1.6648912229950001 -0.8462043
-1.1394730911600002 -1.1394730911600002 -0.8248989
-0.709891905505 -0.709891905505 -0.60467994
-0.34450351222 -0.34450351222 -0.33273828
-0.17599469516500002 -0.17599469516500002 -0.179925
-0.09602703238 -0.09602703238 -0.10060057
6.66079278582 6.66079278582 7.8248863
0.04298578871 0.04298578871 1.4187346
-1.0940589775 -1.0940589775 -0.3185403
-0.9571374459250002 -0.9571374459250002 -0.59933275
-0.42381474749500003 -0.42381474749500003 -0.36515498
-0.17751517472500003 -0.17751517472500003 -0.16960707
-0.081137060485 -0.081137060485 -0.08016509
-0.04065297945 -0.04065297945 -0.040274806
-0.01651308225 -0.01651308225 -0.015893523
-0.0075353687850000005 -0.0075353687850000005 -0.006803911
-0.0037338548250000006 -0.0037338548250000006 -0.0030049738
3.593643331885 3.593643331885 4.8611636
-0.9100207480250001 -0.9100207480250001 0.44740242
-1.5214960485800002 -1.5214960485800002 -0.71554536
-0.8308512897500001 -0.8308512897500001 -0.65637845
-0.35304568149 -0.35304568149 -0.32750577
-0.156842197765 -0.156842197765 -0.15640931
-0.07584150575 -0.07584150575 -0.078232095
-0.029321268940000002 -0.029321268940000002 -0.030879287
-0.012877263595 -0.012877263595 -0.014080502
-0.00618798844 -0.00618798844 -0.006935671
6.90875177961 6.90875177961 7.658561
-0.6062615301450001 -0.6062615301450001 0.8057356
-1.49324110021 -1.49324110021 -0.74187136
-1.11691715811 -1.11691715811 -0.8179962
-0.7001110253350001 -0.7001110253350001 -0.603673
-0.32944395928 -0.32944395928 -0.32354385
-0.161705253885 -0.161705253885 -0.16904007
-0.08503369631 -0.08503369631 -0.09139388
11.381099735680001 11.381099735680001 13.138821
1.197013260355 1.197013260355 3.7343001
-1.3537329785449999 -1.3537329785449999 0.37740088
-1.54977851219 -1.54977851219 -0.5738093
-0.8288738156600001 -0.8288738156600001 -0.5686152
-0.369587407945 -0.369587407945 -0.2974902
-0.171783655715 -0.171783655715 -0.14726083
-0.08646112815 -0.08646112815 -0.075659394
-0.035345084865 -0.035345084865 -0.030901114
-0.016387662115 -0.016387662115 -0.014078449
-0.008362506305000001 -0.008362506305000001 -0.0069436613
8.498200047755 8.498200047755 8.111537
1.270256308755 1.270256308755 2.4763794
-1.59858046603 -1.59858046603 -0.6745102
-1.1392265042 -1.1392265042 -0.7668513
-0.6210771741350001 -0.6210771741350001 -0.48453256
-0.330547640715 -0.330547640715 -0.2757701
-0.13824071405000002 -0.13824071405000002 -0.11859931
-0.06456453691500001 -0.06456453691500001 -0.05440463
-0.033128165175 -0.033128165175 -0.026730742
5.858734488155 5.858734488155 7.0539584
0.268128688655 0.268128688655 1.9696982
-1.2755052608650002 -1.2755052608650002 0.012838304
-1.152867578255 -1.152867578255 -0.6723111
-0.608456080575 -0.608456080575 -0.45148206
-0.30462718192500005 -0.30462718192500005 -0.24921653
-0.15875571467500002 -0.15875571467500002 -0.13477933
-0.06662285015000001 -0.06662285015000001 -0.056586184
-0.03137714046 -0.03137714046 -0.025795566
-0.01617586303 -0.01617586303 -0.01253776
5.433046367645001 5.433046367645001 6.312416
-0.9904424910350001 -0.9904424910350001 0.33296096
-1.60614495161 -1.60614495161 -0.91359127
-1.1630918003550001 -1.1630918003550001 -0.8856384
-0.72738054479 -0.72738054479 -0.6350701
-0.34588533912499997 -0.34588533912499997 -0.3376131
-0.17217929231000004 -0.17217929231000004 -0.17739546
-0.09164643814 -0.09164643814 -0.0971202
12.483335675400001 12.483335675400001 12.072345
4.36554671185 4.36554671185 5.6780915
0.53905264214 0.53905264214 2.168163
-1.5665975177000002 -1.5665975177000002 -0.4761089
-1.3907194735 -1.3907194735 -0.86057496
-0.9276380368100001 -0.9276380368100001 -0.6993706
-0.5766911275100001 -0.5766911275100001 -0.483932
-0.28230095387000004 -0.28230095387000004 -0.26062578
-0.14593762985 -0.14593762985 -0.14201209
-0.08052728811 -0.08052728811 -0.080824815
5.001794261280001 5.001794261280001 6.117689
0.69610747915 0.69610747915 2.0546541
-0.768529927525 -0.768529927525 0.2763033
-1.0023308075450001 -1.0023308075450001 -0.5900806
-0.6189354487650001 -0.6189354487650001 -0.49013045
-0.344720667325 -0.344720667325 -0.30996633
-0.19371422092 -0.19371422092 -0.18529767
-0.08790788367 -0.08790788367 -0.08671494
-0.043820907750000006 -0.043820907750000006 -0.04276181
-0.023633411995 -0.023633411995 -0.02216141
3.7300537311200004 3.7300537311200004 5.2003756
-0.94261462395 -0.94261462395 0.61149216
-1.4898275826400003 -1.4898275826400003 -0.9961133
-0.7353102899300001 -0.7353102899300001 -0.642601
-0.33741143285499997 -0.33741143285499997 -0.32837138
-0.16397933071 -0.16397933071 -0.16669363
-0.06380022761000001 -0.06380022761000001 -0.06570662
-0.028500563895 -0.028500563895 -0.029052218
-0.014156853530000001 -0.014156853530000001 -0.014136142
12.35128000923 12.35128000923 12.922655
1.73705080631 1.73705080631 3.6006126
-0.982105845905 -0.982105845905 0.32101226
-1.2937245242900002 -1.2937245242900002 -0.5961724
-0.7201844693700001 -0.7201844693700001 -0.5793248
-0.327092692755 -0.327092692755 -0.30840445
-0.15532079928 -0.15532079928 -0.15625913
-0.08001245381500001 -0.08001245381500001 -0.08248669
-0.03394188639 -0.03394188639 -0.03522914
-0.01636348126 -0.01636348126 -0.016845167
-0.008669742315000001 -0.008669742315000001 -0.008797974
13.302536834000001 13.302536834000001 13.093607
2.59305874439 2.59305874439 4.2805276
-0.7546743238650001 -0.7546743238650001 0.73362696
-1.4325622770400002 -1.4325622770400002 -0.469929
-0.9737724038850001 -0.9737724038850001 -0.67721903
-0.483962116955 -0.483962116955 -0.4047039
-0.23871705000500001 -0.23871705000500001 -0.21777971
-0.12460867171500001 -0.12460867171500001 -0.118830755
-0.05285940154 -0.05285940154 -0.05246851
-0.02516951328 -0.02516951328 -0.0256247
-0.013090821765 -0.013090821765 -0.013639356
8.899296790085002 8.899296790085002 10.468264
1.19027068755 1.19027068755 3.1489143
-0.89778058826 -0.89778058826 0.45708168
-1.159454905245 -1.159454905245 -0.3627767
-0.6781523410250001 -0.6781523410250001 -0.43995938
-0.31906131451 -0.31906131451 -0.24495023
-0.15350888922000003 -0.15350888922000003 -0.12617078
-0.07901095684000001 -0.07901095684000001 -0.06653699
-0.032869553425 -0.032869553425 -0.027734658
-0.015330635815 -0.015330635815 -0.012615673
-0.007778542595000001 -0.007778542595000001 -0.0061038784
4.356522316995 4.356522316995 5.4557486
-0.30011381615000005 -0.30011381615000005 0.99398553
-1.3473238442400002 -1.3473238442400002 -0.48858202
-0.9707253798600001 -0.9707253798600001 -0.74051994
-0.46814392579 -0.46814392579 -0.43012315
-0.222234003475 -0.222234003475 -0.22517337
-0.11198298353 -0.11198298353 -0.12021081
-0.04544614476 -0.04544614476 -0.052044492
-0.020926363965000003 -0.020926363965000003 -0.025238706
-0.010609015380000001 -0.010609015380000001 -0.013478416
9.05891587418 9.05891587418 10.283809
1.656701763395 1.656701763395 3.5423398
-0.6837577572700001 -0.6837577572700001 0.7739952
-1.155117684265 -1.155117684265 -0.21038899
-0.79272120576 -0.79272120576 -0.45660552
-0.40592724225000004 -0.40592724225000004 -0.2852726
-0.205794067655 -0.205794067655 -0.15578318
-0.10990726323000001 -0.10990726323000001 -0.08501171
-0.04798584342 -0.04798584342 -0.036361262
-0.02342129785 -0.02342129785 -0.017234094
-0.012437859915 -0.012437859915 -0.008573751
7.571006350565 7.571006350565 9.77628
1.661180393805 1.661180393805 4.2788877
-1.656457696915 -1.656457696915 -0.032514513
-1.565150735925 -1.565150735925 -0.84300077
-1.032237668005 -1.032237668005 -0.7549195
-0.62839898475 -0.62839898475 -0.53101844
-0.29852733152000005 -0.29852733152000005 -0.28133368
-0.150556383195 -0.150556383195 -0.14846139
-0.08129737351500001 -0.08129737351500001 -0.08145983
3.4671728918649998 3.4671728918649998 5.03181
-0.9862498038300002 -0.9862498038300002 0.59159607
-1.4340478111950001 -1.4340478111950001 -0.93388295
-0.6952843849 -0.6952843849 -0.59526235
-0.316007516695 -0.316007516695 -0.30200893
-0.15256717488000002 -0.15256717488000002 -0.15258108
-0.05893706647 -0.05893706647 -0.060582872
-0.026168857345000004 -0.026168857345000004 -0.027120275
-0.01289955409 -0.01289955409 -0.0134137
8.526056865305002 8.526056865305002 8.368992
2.0587241782600003 2.0587241782600003 3.1117644
-0.49687676767 -0.49687676767 0.626837
-1.37654644689 -1.37654644689 -0.7852029
-0.961261948895 -0.961261948895 -0.740767
-0.56641555063 -0.56641555063 -0.49879912
-0.32617547433 -0.32617547433 -0.3111838
-0.149333897885 -0.149333897885 -0.15182847
-0.07416318113 -0.07416318113 -0.07755672
-0.03964783303 -0.03964783303 -0.041885667
12.741472078625 12.741472078625 12.533708
4.141908275915 4.141908275915 5.713447
-1.2338214576050002 -1.2338214576050002 0.24507904
-1.577820926335 -1.577820926335 -0.85723233
-1.091850065585 -1.091850065585 -0.809349
-0.6684144928000001 -0.6684144928000001 -0.5722569
-0.312975536785 -0.312975536785 -0.30067563
-0.15478798031000002 -0.15478798031000002 -0.15723535
-0.082204641295 -0.082204641295 -0.085940346
