9.491347460165 9.491347460165 10.492359
3.77576274094 3.77576274094 4.771427
1.0345665127600001 1.0345665127600001 1.8242998
-0.182621142105 -0.182621142105 0.3888015
-0.7509271577550001 -0.7509271577550001 -0.49272305
-0.607960386175 -0.607960386175 -0.5079155
-0.40556148384500007 -0.40556148384500007 -0.37434128
-0.259508437015 -0.259508437015 -0.25560984
-0.135266678925 -0.135266678925 -0.14230885
-0.07484056013000001 -0.07484056013000001 -0.0821953
-0.044067888535 -0.044067888535 -0.04977342
10.819388477184999 10.819388477184999 9.18466
-0.6593722445450001 -0.6593722445450001 -0.22720045
-1.51396028597 -1.51396028597 -1.2543342
-0.9646557752150001 -0.9646557752150001 -0.89445275
-0.527037960315 -0.527037960315 -0.5259807
-0.21260823784500002 -0.21260823784500002 -0.22871299
-0.093794490965 -0.093794490965 -0.105483785
-0.04542960411000001 -0.04542960411000001 -0.052633565
11.90699368688 11.90699368688 13.219431
2.675979779615 2.675979779615 4.269151
-0.54102413009 -0.54102413009 0.63152325
-1.3586512751850002 -1.3586512751850002 -0.6233931
-1.07107493042 -1.07107493042 -0.8370752
-0.5832952839550001 -0.5832952839550001 -0.519351
-0.30542089683 -0.30542089683 -0.28997675
-0.16570696222 -0.16570696222 -0.16265534
-0.07294185104 -0.07294185104 -0.07350199
-0.035594979955 -0.035594979955 -0.036214482
-0.018830663610000003 -0.018830663610000003 -0.019210752
8.263718900685 8.263718900685 9.967667
0.9758499095250002 0.9758499095250002 2.4439147
-1.0513647505650001 -1.0513647505650001 -0.13307953
-1.3126472904400002 -1.3126472904400002 -0.8050868
-0.8022472286450001 -0.8022472286450001 -0.67595446
-0.39814754443500006 -0.39814754443500006 -0.37477198
-0.20076655021500003 -0.20076655021500003 -0.20074838
-0.10755649555 -0.10755649555 -0.11225037
-0.047222321765000005 -0.047222321765000005 -0.051591683
-0.023134278190000003 -0.023134278190000003 -0.02633687
-0.01231049691 -0.01231049691 -0.014647054
8.697884209340002 8.697884209340002 9.387355
1.3911446469700002 1.3911446469700002 2.5581117
-0.95062870015 -0.95062870015 -0.0070506334
-1.256251419165 -1.256251419165 -0.86387795
-0.7108495041199999 -0.7108495041199999 -0.5733645
-0.365517200315 -0.365517200315 -0.31679773
-0.19268008898000002 -0.19268008898000002 -0.1731675
-0.08161319491 -0.08161319491 -0.075248554
-0.038736600745 -0.038736600745 -0.035827015
-0.020131598860000002 -0.020131598860000002 -0.018468797
3.9374155110800007 3.9374155110800007 4.8262825
-0.38775794209000003 -0.38775794209000003 0.56046724
-1.3829513278849999 -1.3829513278849999 -0.7392614
-1.030746699065 -1.030746699065 -0.83766365
-0.5240568625950001 -0.5240568625950001 -0.48320112
-0.26124318363 -0.26124318363 -0.25761893
-0.137186759585 -0.137186759585 -0.13989343
-0.05846694444000001 -0.05846694444000001 -0.06059313
-0.027906702050000003 -0.027906702050000003 -0.028778682
-0.014575699545000001 -0.014575699545000001 -0.014699485
7.71192956422 7.71192956422 8.336178
-0.329333872065 -0.329333872065 0.8296633
-1.7668496011900003 -1.7668496011900003 -1.0237958
-1.0702078853 -1.0702078853 -0.9020236
-0.45254769439500003 -0.45254769439500003 -0.4263831
-0.19775980136000001 -0.19775980136000001 -0.19523916
-0.09449347783 -0.09449347783 -0.09499562
-0.03621257632 -0.03621257632 -0.036388364
-0.015912787930000002 -0.015912787930000002 -0.015656313
-0.007724115980000001 -0.007724115980000001 -0.0073058475
5.1734092811300005 5.1734092811300005 6.5547285
-0.366129309385 -0.366129309385 0.9198339
-1.5484131734250002 -1.5484131734250002 -0.73665917
-1.07501123755 -1.07501123755 -0.8470506
-0.508585263685 -0.508585263685 -0.4537472
-0.23999574727 -0.23999574727 -0.22717912
-0.121082362665 -0.121082362665 -0.11767022
-0.04946250338500001 -0.04946250338500001 -0.048583016
-0.02289152446 -0.02289152446 -0.022372453
-0.011638132615000001 -0.011638132615000001 -0.011218487
11.198418285840003 11.198418285840003 11.27656
1.512345577215 1.512345577215 2.5543075
-1.21494219599 -1.21494219599 -0.41527706
-1.322724773345 -1.322724773345 -1.1092876
-0.6783958036400001 -0.6783958036400001 -0.6542572
-0.328347996815 -0.328347996815 -0.33890077
-0.167043788055 -0.167043788055 -0.17860878
-0.068553459065 -0.068553459065 -0.07502488
-0.031926920160000004 -0.031926920160000004 -0.035268165
-0.016389526220000002 -0.016389526220000002 -0.018136855
9.891950713515001 9.891950713515001 10.774008
1.306041716225 1.306041716225 2.607641
-1.0716158096750001 -1.0716158096750001 -0.11935556
-1.39425029841 -1.39425029841 -0.8088023
-0.8490903757000001 -0.8490903757000001 -0.66458195
-0.41624698004000005 -0.41624698004000005 -0.35945934
-0.20795165104500002 -0.20795165104500002 -0.18862358
-0.11082944385 -0.11082944385 -0.10280287
-0.04859359416000001 -0.04859359416000001 -0.045485627
-0.023943273505000005 -0.023943273505000005 -0.022259558
-0.01290947848 -0.01290947848 -0.0117829135
9.840891617325001 9.840891617325001 9.930158
2.3806296444100004 2.3806296444100004 3.1329546
-0.287151433845 -0.287151433845 0.41323835
-1.018481623305 -1.018481623305 -0.5121262
-0.8620375826150001 -0.8620375826150001 -0.65742904
-0.48596610859500006 -0.48596610859500006 -0.41231257
-0.26112477358 -0.26112477358 -0.23507515
-0.14460206425500002 -0.14460206425500002 -0.13489777
-0.06523721627000001 -0.06523721627000001 -0.062667415
-0.032539606840000006 -0.032539606840000006 -0.031643685
-0.01757845764 -0.01757845764 -0.017123366
10.266508009175 10.266508009175 10.2427225
3.2613994606400003 3.2613994606400003 4.2033424
-1.1100245642350002 -1.1100245642350002 -0.20708895
-1.369451006885 -1.369451006885 -0.8918596
-0.949309832735 -0.949309832735 -0.73525876
-0.5836987182850001 -0.5836987182850001 -0.49265674
-0.27411658774000003 -0.27411658774000003 -0.24713713
-0.135039625685 -0.135039625685 -0.12428199
-0.070914676235 -0.070914676235 -0.06465492
4.065608489140001 4.065608489140001 5.5166855
-0.32184074757500003 -0.32184074757500003 0.9554156
-1.41633989015 -1.41633989015 -0.5679974
-1.11058518725 -1.11058518725 -0.8209324
-0.577821536535 -0.577821536535 -0.48292327
-0.29172733903000003 -0.29172733903000003 -0.25524813
-0.154411352335 -0.154411352335 -0.13630383
-0.06647855267000001 -0.06647855267000001 -0.057614725
-0.03208439765 -0.03208439765 -0.026547333
-0.016899030750000002 -0.016899030750000002 -0.013102316
5.626496673305001 5.626496673305001 6.918785
1.096282382175 1.096282382175 2.4365613
-1.375088848055 -1.375088848055 -0.5789846
-1.24640419261 -1.24640419261 -0.8784267
-0.81032203266 -0.81032203266 -0.6537639
-0.48954978482000006 -0.48954978482000006 -0.4245917
-0.23118265265500001 -0.23118265265500001 -0.21314584
-0.116466891195 -0.116466891195 -0.11083809
-0.06310297357500001 -0.06310297357500001 -0.06106594
6.645960233609999 6.645960233609999 7.5734715
1.486201058255 1.486201058255 2.7615037
-1.4875080846650002 -1.4875080846650002 -0.60204196
-1.426232327815 -1.426232327815 -0.98801845
-0.948948984015 -0.948948984015 -0.7551582
-0.580426085045 -0.580426085045 -0.4980051
-0.27626550698 -0.27626550698 -0.25272423
-0.13919272035 -0.13919272035 -0.1315524
-0.07505574611 -0.07505574611 -0.0720669
8.967252921645 8.967252921645 9.7388935
2.8156637047600004 2.8156637047600004 4.045573
0.0173766092 0.0173766092 1.1686183
-1.40202456144 -1.40202456144 -0.7268311
-1.175144735715 -1.175144735715 -0.85346246
-0.777783134705 -0.777783134705 -0.6373568
-0.48653261273000004 -0.48653261273000004 -0.4283482
-0.24245788866 -0.24245788866 -0.22741233
-0.1277563049 -0.1277563049 -0.12375727
-0.07166664569 -0.07166664569 -0.070470855
1.81220175305 1.81220175305 4.1010637
-1.7601813300350002 -1.7601813300350002 -0.2443248
-1.23105903778 -1.23105903778 -0.92224777
-0.482434548545 -0.482434548545 -0.44032753
-0.196042015475 -0.196042015475 -0.19179343
-0.08875736419500001 -0.08875736419500001 -0.0876473
-0.032064680145 -0.032064680145 -0.030451974
-0.013504180485 -0.013504180485 -0.012950497
-0.006398684815000001 -0.006398684815000001 -0.005877476
2.9043796910750004 2.9043796910750004 4.562189
-1.0136225842 -1.0136225842 0.051941276
-1.491597090875 -1.491597090875 -0.9633899
-0.7992253044 -0.7992253044 -0.7114301
-0.34092566460500007 -0.34092566460500007 -0.3361486
-0.152678102255 -0.152678102255 -0.15746628
-0.07473774555000001 -0.07473774555000001 -0.07843567
-0.029617215300000003 -0.029617215300000003 -0.03210947
-0.013407745870000001 -0.013407745870000001 -0.014799559
-0.00670017098 -0.00670017098 -0.007532716
10.46007990174 10.46007990174 10.430616
-0.5146318952050001 -0.5146318952050001 0.62516165
-1.814665443485 -1.814665443485 -1.1562905
-1.341072817545 -1.341072817545 -1.0609677
-0.819556992615 -0.819556992615 -0.71445286
-0.37229125286500003 -0.37229125286500003 -0.35123202
-0.17808829512000002 -0.17808829512000002 -0.17385146
-0.09195467184000002 -0.09195467184000002 -0.090591416
8.876640667955 8.876640667955 10.572336
0.26003146287 0.26003146287 1.7453328
-1.431993042385 -1.431993042385 -0.6045879
-1.3355943442250002 -1.3355943442250002 -0.9460022
-0.62316814859 -0.62316814859 -0.55945265
-0.263918646895 -0.263918646895 -0.258634
-0.119992570125 -0.119992570125 -0.12152434
-0.05950049877 -0.05950049877 -0.060837645
-0.023696345230000002 -0.023696345230000002 -0.023820812
-0.0105959929 -0.0105959929 -0.010203901
-0.005143118205 -0.005143118205 -0.004594442
4.526356460195 4.526356460195 5.129581
-0.786443451475 -0.786443451475 0.13329011
-1.5203302740700002 -1.5203302740700002 -0.9683728
-0.8169811933300001 -0.8169811933300001 -0.71930045
-0.33671339117 -0.33671339117 -0.3359291
-0.14606228859 -0.14606228859 -0.15547453
-0.069460201745 -0.069460201745 -0.07630852
-0.026365192235000005 -0.026365192235000005 -0.029671602
-0.011502000440000002 -0.011502000440000002 -0.013006227
-0.005556581945000001 -0.005556581945000001 -0.006207581
10.007952339855 10.007952339855 10.863884
3.8976909346850004 3.8976909346850004 4.956768
0.9444951383250001 0.9444951383250001 1.8850151
-0.36610095398500003 -0.36610095398500003 0.3801192
-0.9504458865850001 -0.9504458865850001 -0.54237205
-0.754111626705 -0.754111626705 -0.5486868
-0.5002458092700001 -0.5002458092700001 -0.39945263
-0.31846795151 -0.31846795151 -0.26852745
-0.16402763991000002 -0.16402763991000002 -0.14571673
-0.08921669542 -0.08921669542 -0.081808224
-0.051469986940000004 -0.051469986940000004 -0.048124366
4.31103597583 4.31103597583 5.629281
-0.300903750335 -0.300903750335 0.9671192
-1.443123377045 -1.443123377045 -0.5434737
-1.122476995675 -1.122476995675 -0.7739893
-0.574815601585 -0.574815601585 -0.4489761
-0.285200634835 -0.285200634835 -0.23688303
-0.14858001181500002 -0.14858001181500002 -0.12771896
-0.06264899837 -0.06264899837 -0.055383265
-0.029670539205000002 -0.029670539205000002 -0.026651401
-0.015398688775 -0.015398688775 -0.013941336
5.960417346380001 5.960417346380001 6.2548103
1.328390024735 1.328390024735 2.0874112
-1.394658642425 -1.394658642425 -0.76124
-1.3630918095900002 -1.3630918095900002 -1.0333991
-0.927321060195 -0.927321060195 -0.7835647
-0.57924075056 -0.57924075056 -0.5240148
-0.28329507319 -0.28329507319 -0.2759667
-0.1459877769 -0.1459877769 -0.14971691
-0.080308400175 -0.080308400175 -0.085577235
5.906779615365001 5.906779615365001 7.9559326
-0.16261806147 -0.16261806147 1.1883774
-1.2741744999350002 -1.2741744999350002 -0.56059897
-1.13105195744 -1.13105195744 -0.78613377
-0.5310966945100001 -0.5310966945100001 -0.4594782
-0.23116521933500003 -0.23116521933500003 -0.21737035
-0.108029951965 -0.108029951965 -0.105665356
-0.054890304555 -0.054890304555 -0.0546365
-0.022565043535 -0.022565043535 -0.02300941
-0.0103775513 -0.0103775513 -0.010685698
-0.005174729225 -0.005174729225 -0.00534794
6.253259709005001 6.253259709005001 6.827942
1.75011939009 1.75011939009 2.6102066
-0.28431402974 -0.28431402974 0.5348522
-1.254490128745 -1.254490128745 -0.7344862
-1.01416858318 -1.01416858318 -0.7352181
-0.6672600079400001 -0.6672600079400001 -0.524869
-0.41762392351500005 -0.41762392351500005 -0.34417737
-0.20871262596500004 -0.20871262596500004 -0.17903969
-0.11024760679500001 -0.11024760679500001 -0.09600195
-0.06190235868 -0.06190235868 -0.05383231
3.01178598177 3.01178598177 3.5386455
-0.98665665131 -0.98665665131 -0.34794438
-1.4202071203750002 -1.4202071203750002 -1.0537041
-0.7281395768400001 -0.7281395768400001 -0.65966827
-0.30486707386 -0.30486707386 -0.29868767
-0.13652082776500002 -0.13652082776500002 -0.13899985
-0.06743948567 -0.06743948567 -0.0698603
-0.027341143095000003 -0.027341143095000003 -0.028586406
-0.012734147590000001 -0.012734147590000001 -0.013339597
-0.0065709701250000006 -0.0065709701250000006 -0.0068718693
14.13360688041 14.13360688041 12.895236
5.193124711985001 5.193124711985001 5.5758657
0.98983009316 0.98983009316 1.8290384
-1.375029774305 -1.375029774305 -0.6814714
-1.2708653985 -1.2708653985 -0.8919252
-0.8447546512549999 -0.8447546512549999 -0.6584939
-0.5202282009650001 -0.5202282009650001 -0.42902812
-0.251236116635 -0.251236116635 -0.21661218
-0.12852851696 -0.12852851696 -0.11237698
-0.070358280275 -0.070358280275 -0.061191875
3.6979300034800002 3.6979300034800002 5.905156
-0.7570639226900001 -0.7570639226900001 1.1459377
-1.7452413423650002 -1.7452413423650002 -1.0001817
-1.018395926985 -1.018395926985 -0.8069267
-0.52095023972 -0.52095023972 -0.47252926
-0.27026760474 -0.27026760474 -0.26411587
-0.11147179868000001 -0.11147179868000001 -0.114566624
-0.05164426763 -0.05164426763 -0.05412132
-0.026226277029999998 -0.026226277029999998 -0.027724687
10.572682266975 10.572682266975 12.375908
4.193086464785 4.193086464785 5.7748866
1.1194566992400001 1.1194566992400001 2.3418212
-0.25038282913500004 -0.25038282913500004 0.6479037
-0.88719987577 -0.88719987577 -0.43061948
-0.7149049301850001 -0.7149049301850001 -0.48919672
-0.475087716915 -0.475087716915 -0.3626568
-0.30198332968 -0.30198332968 -0.24391486
-0.15487821874500002 -0.15487821874500002 -0.13125499
-0.08391654606 -0.08391654606 -0.07265361
-0.04822192838 -0.04822192838 -0.04197392
8.903990212650001 8.903990212650001 10.995071
2.31625879063 2.31625879063 4.5766816
-1.6027228749100002 -1.6027228749100002 -0.24784589
-1.6648912229950001 -1.6648912229950001 -1.0664299
-1.1394730911600002 -1.1394730911600002 -0.9158502
-0.709891905505 -0.709891905505 -0.6388325
-0.34450351222 -0.34450351222 -0.3398412
-0.17599469516500002 -0.17599469516500002 -0.18130334
-0.09602703238 -0.09602703238 -0.10085831
6.66079278582 6.66079278582 7.260483
0.04298578871 0.04298578871 0.8229281
-1.0940589775 -1.0940589775 -0.63543075
-0.9571374459250002 -0.9571374459250002 -0.7365101
-0.42381474749500003 -0.42381474749500003 -0.38480482
-0.17751517472500003 -0.17751517472500003 -0.17198455
-0.081137060485 -0.081137060485 -0.08043206
-0.04065297945 -0.04065297945 -0.040303905
-0.01651308225 -0.01651308225 -0.015894564
-0.0075353687850000005 -0.0075353687850000005 -0.0068039494
-0.0037338548250000006 -0.0037338548250000006 -0.0030049756
3.593643331885 3.593643331885 4.388527
-0.9100207480250001 -0.9100207480250001 -0.030378938
-1.5214960485800002 -1.5214960485800002 -0.98762596
-0.8308512897500001 -0.8308512897500001 -0.71108687
-0.35304568149 -0.35304568149 -0.33599037
-0.156842197765 -0.156842197765 -0.15758175
-0.07584150575 -0.07584150575 -0.07838522
-0.029321268940000002 -0.029321268940000002 -0.03088622
-0.012877263595 -0.012877263595 -0.014080815
-0.00618798844 -0.00618798844 -0.006935685
6.90875177961 6.90875177961 7.264618
-0.6062615301450001 -0.6062615301450001 0.29804385
-1.49324110021 -1.49324110021 -1.0047513
-1.11691715811 -1.11691715811 -0.92541015
-0.7001110253350001 -0.7001110253350001 -0.64277446
-0.32944395928 -0.32944395928 -0.33116734
-0.161705253885 -0.161705253885 -0.17041229
-0.08503369631 -0.08503369631 -0.09163081
11.381099735680001 11.381099735680001 12.817793
1.197013260355 1.197013260355 2.871454
-1.3537329785449999 -1.3537329785449999 -0.22826445
-1.54977851219 -1.54977851219 -0.897932
-0.8288738156600001 -0.8288738156600001 -0.63494086
-0.369587407945 -0.369587407945 -0.30841848
-0.171783655715 -0.171783655715 -0.14887732
-0.08646112815 -0.08646112815 -0.075885154
-0.035345084865 -0.035345084865 -0.03091234
-0.016387662115 -0.016387662115 -0.014079003
-0.008362506305000001 -0.008362506305000001 -0.0069436883
8.498200047755 8.498200047755 7.77389
1.270256308755 1.270256308755 1.8862497
-1.59858046603 -1.59858046603 -0.9780526
-1.1392265042 -1.1392265042 -0.86246127
-0.6210771741350001 -0.6210771741350001 -0.509529
-0.330547640715 -0.330547640715 -0.2816877
-0.13824071405000002 -0.13824071405000002 -0.119214654
-0.06456453691500001 -0.06456453691500001 -0.05446477
-0.033128165175 -0.033128165175 -0.026736485
5.858734488155 5.858734488155 6.4054728
0.268128688655 0.268128688655 1.3020694
-1.2755052608650002 -1.2755052608650002 -0.436705
-1.152867578255 -1.152867578255 -0.80665886
-0.608456080575 -0.608456080575 -0.48289758
-0.30462718192500005 -0.30462718192500005 -0.2557389
-0.15875571467500002 -0.15875571467500002 -0.13604797
-0.06662285015000001 -0.06662285015000001 -0.056688525
-0.03137714046 -0.03137714046 -0.025803605
-0.01617586303 -0.01617586303 -0.012538397
5.433046367645001 5.433046367645001 6.067079
-0.9904424910350001 -0.9904424910350001 -0.13804263
-1.60614495161 -1.60614495161 -1.167315
-1.1630918003550001 -1.1630918003550001 -0.99058884
-0.72738054479 -0.72738054479 -0.6734234
-0.34588533912499997 -0.34588533912499997 -0.34508067
-0.17217929231000004 -0.17217929231000004 -0.17873026
-0.09164643814 -0.09164643814 -0.09734792
12.483335675400001 12.483335675400001 12.199162
4.36554671185 4.36554671185 5.134179
0.53905264214 0.53905264214 1.5133824
-1.5665975177000002 -1.5665975177000002 -0.88871336
-1.3907194735 -1.3907194735 -1.0439429
-0.9276380368100001 -0.9276380368100001 -0.7694326
-0.5766911275100001 -0.5766911275100001 -0.5084984
-0.28230095387000004 -0.28230095387000004 -0.26525784
-0.14593762985 -0.14593762985 -0.14282739
-0.08052728811 -0.08052728811 -0.08096291
5.001794261280001 5.001794261280001 5.52849
0.69610747915 0.69610747915 1.4423704
-0.768529927525 -0.768529927525 -0.16938692
-1.0023308075450001 -1.0023308075450001 -0.7537492
-0.6189354487650001 -0.6189354487650001 -0.53844285
-0.344720667325 -0.344720667325 -0.32276854
-0.19371422092 -0.19371422092 -0.18848716
-0.08790788367 -0.08790788367 -0.08708703
-0.043820907750000006 -0.043820907750000006 -0.042803682
-0.023633411995 -0.023633411995 -0.02216608
3.7300537311200004 3.7300537311200004 4.731703
-0.94261462395 -0.94261462395 0.084684014
-1.4898275826400003 -1.4898275826400003 -1.1732901
-0.7353102899300001 -0.7353102899300001 -0.68042445
-0.33741143285499997 -0.33741143285499997 -0.33511937
-0.16397933071 -0.16397933071 -0.16779259
-0.06380022761000001 -0.06380022761000001 -0.06577316
-0.028500563895 -0.028500563895 -0.02905611
-0.014156853530000001 -0.014156853530000001 -0.014136369
12.35128000923 12.35128000923 12.783353
1.73705080631 1.73705080631 2.8757887
-0.982105845905 -0.982105845905 -0.20233107
-1.2937245242900002 -1.2937245242900002 -0.8780405
-0.7201844693700001 -0.7201844693700001 -0.63722724
-0.327092692755 -0.327092692755 -0.31799805
-0.15532079928 -0.15532079928 -0.15769288
-0.08001245381500001 -0.08001245381500001 -0.08269007
-0.03394188639 -0.03394188639 -0.035239603
-0.01636348126 -0.01636348126 -0.016845705
-0.008669742315000001 -0.008669742315000001 -0.008798003
13.302536834000001 13.302536834000001 13.066971
2.59305874439 2.59305874439 3.5337632
-0.7546743238650001 -0.7546743238650001 0.10886264
-1.4325622770400002 -1.4325622770400002 -0.8524964
-0.9737724038850001 -0.9737724038850001 -0.77732533
-0.483962116955 -0.483962116955 -0.42558116
-0.23871705000500001 -0.23871705000500001 -0.22166277
-0.12460867171500001 -0.12460867171500001 -0.11950809
-0.05285940154 -0.05285940154 -0.052514896
-0.02516951328 -0.02516951328 -0.025627786
-0.013090821765 -0.013090821765 -0.013639561
8.899296790085002 8.899296790085002 9.929108
1.19027068755 1.19027068755 2.359789
-0.89778058826 -0.89778058826 -0.069897115
-1.159454905245 -1.159454905245 -0.6446774
-0.6781523410250001 -0.6781523410250001 -0.5001897
-0.31906131451 -0.31906131451 -0.25555634
-0.15350888922000003 -0.15350888922000003 -0.1278642
-0.07901095684000001 -0.07901095684000001 -0.06679344
-0.032869553425 -0.032869553425 -0.027749112
-0.015330635815 -0.015330635815 -0.012616479
-0.007778542595000001 -0.007778542595000001 -0.006103925
4.356522316995 4.356522316995 4.7590504
-0.30011381615000005 -0.30011381615000005 0.3491081
-1.3473238442400002 -1.3473238442400002 -0.88791245
-0.9707253798600001 -0.9707253798600001 -0.8419308
-0.46814392579 -0.46814392579 -0.45023766
-0.222234003475 -0.222234003475 -0.22871053
-0.11198298353 -0.11198298353 -0.12079342
-0.04544614476 -0.04544614476 -0.052081175
-0.020926363965000003 -0.020926363965000003 -0.025240965
-0.010609015380000001 -0.010609015380000001 -0.013478556
9.05891587418 9.05891587418 9.819076
1.656701763395 1.656701763395 2.7811158
-0.6837577572700001 -0.6837577572700001 0.21355361
-1.155117684265 -1.155117684265 -0.54008377
-0.79272120576 -0.79272120576 -0.5413459
-0.40592724225000004 -0.40592724225000004 -0.30310318
-0.205794067655 -0.205794067655 -0.15916172
-0.10990726323000001 -0.10990726323000001 -0.08561468
-0.04798584342 -0.04798584342 -0.036404166
-0.02342129785 -0.02342129785 -0.017237071
-0.012437859915 -0.012437859915 -0.008573958
7.571006350565 7.571006350565 9.550074
1.661180393805 1.661180393805 3.7055507
-1.656457696915 -1.656457696915 -0.47590578
-1.565150735925 -1.565150735925 -1.0500431
-1.032237668005 -1.032237668005 -0.8354593
-0.62839898475 -0.62839898475 -0.5594531
-0.29852733152000005 -0.29852733152000005 -0.28670937
-0.150556383195 -0.150556383195 -0.14940786
-0.08129737351500001 -0.08129737351500001 -0.081620336
3.4671728918649998 3.4671728918649998 4.5085807
-0.9862498038300002 -0.9862498038300002 0.05345303
-1.4340478111950001 -1.4340478111950001 -1.1056376
-0.6952843849 -0.6952843849 -0.6305902
-0.316007516695 -0.316007516695 -0.3080925
-0.15256717488000002 -0.15256717488000002 -0.15353756
-0.05893706647 -0.05893706647 -0.060637824
-0.026168857345000004 -0.026168857345000004 -0.02712333
-0.01289955409 -0.01289955409 -0.013413873
8.526056865305002 8.526056865305002 8.070398
2.0587241782600003 2.0587241782600003 2.5417612
-0.49687676767 -0.49687676767 0.12617564
-1.37654644689 -1.37654644689 -1.0150852
-0.961261948895 -0.961261948895 -0.8215233
-0.56641555063 -0.56641555063 -0.5238415
-0.32617547433 -0.32617547433 -0.31841597
-0.149333897885 -0.149333897885 -0.1528679
-0.07416318113 -0.07416318113 -0.07769893
-0.03964783303 -0.03964783303 -0.041904718
12.741472078625 12.741472078625 12.345589
4.141908275915 4.141908275915 5.013032
-1.2338214576050002 -1.2338214576050002 -0.33019102
-1.577820926335 -1.577820926335 -1.1281953
-1.091850065585 -1.091850065585 -0.91398996
-0.6684144928000001 -0.6684144928000001 -0.6085815
-0.312975536785 -0.312975536785 -0.30728948
-0.15478798031000002 -0.15478798031000002 -0.15834548
-0.082204641295 -0.082204641295 -0.08611862
