9.491347460165 9.491347460165 10.263201
3.77576274094 3.77576274094 4.3793874
1.0345665127600001 1.0345665127600001 1.4720625
-0.182621142105 -0.182621142105 0.12720013
-0.7509271577550001 -0.7509271577550001 -0.60534775
-0.607960386175 -0.607960386175 -0.54911107
-0.40556148384500007 -0.40556148384500007 -0.3881919
-0.259508437015 -0.259508437015 -0.26004663
-0.135266678925 -0.135266678925 -0.1430753
-0.07484056013000001 -0.07484056013000001 -0.08232462
-0.044067888535 -0.044067888535 -0.049795244
10.819388477184999 10.819388477184999 9.158323
-0.6593722445450001 -0.6593722445450001 -0.48069036
-1.51396028597 -1.51396028597 -1.3601758
-0.9646557752150001 -0.9646557752150001 -0.92657036
-0.527037960315 -0.527037960315 -0.5344825
-0.21260823784500002 -0.21260823784500002 -0.22973812
-0.093794490965 -0.093794490965 -0.105599865
-0.04542960411000001 -0.04542960411000001 -0.052646484
11.90699368688 11.90699368688 13.215326
2.675979779615 2.675979779615 3.8863268
-0.54102413009 -0.54102413009 0.2944771
-1.3586512751850002 -1.3586512751850002 -0.8412835
-1.07107493042 -1.07107493042 -0.9015385
-0.5832952839550001 -0.5832952839550001 -0.5348182
-0.30542089683 -0.30542089683 -0.29333967
-0.16570696222 -0.16570696222 -0.16335148
-0.07294185104 -0.07294185104 -0.073565245
-0.035594979955 -0.035594979955 -0.03622022
-0.018830663610000003 -0.018830663610000003 -0.019211283
8.263718900685 8.263718900685 9.6835
0.9758499095250002 0.9758499095250002 2.0344448
-1.0513647505650001 -1.0513647505650001 -0.40782517
-1.3126472904400002 -1.3126472904400002 -0.95403886
-0.8022472286450001 -0.8022472286450001 -0.709325
-0.39814754443500006 -0.39814754443500006 -0.38109356
-0.20076655021500003 -0.20076655021500003 -0.20186217
-0.10755649555 -0.10755649555 -0.11244121
-0.047222321765000005 -0.047222321765000005 -0.051605184
-0.023134278190000003 -0.023134278190000003 -0.026337849
-0.01231049691 -0.01231049691 -0.014647128
8.697884209340002 8.697884209340002 9.074739
1.3911446469700002 1.3911446469700002 2.135882
-0.95062870015 -0.95062870015 -0.30790216
-1.256251419165 -1.256251419165 -0.9568043
-0.7108495041199999 -0.7108495041199999 -0.59538436
-0.365517200315 -0.365517200315 -0.32143843
-0.19268008898000002 -0.19268008898000002 -0.17409122
-0.08161319491 -0.08161319491 -0.07532723
-0.038736600745 -0.038736600745 -0.035833698
-0.020131598860000002 -0.020131598860000002 -0.018469376
3.9374155110800007 3.9374155110800007 4.4380875
-0.38775794209000003 -0.38775794209000003 0.251338
-1.3829513278849999 -1.3829513278849999 -0.9213057
-1.030746699065 -1.030746699065 -0.8834383
-0.5240568625950001 -0.5240568625950001 -0.49280646
-0.26124318363 -0.26124318363 -0.25948974
-0.137186759585 -0.137186759585 -0.14024703
-0.05846694444000001 -0.05846694444000001 -0.06062185
-0.027906702050000003 -0.027906702050000003 -0.028781038
-0.014575699545000001 -0.014575699545000001 -0.014699683
7.71192956422 7.71192956422 8.365828
-0.329333872065 -0.329333872065 0.59839225
-1.7668496011900003 -1.7668496011900003 -1.180908
-1.0702078853 -1.0702078853 -0.9352331
-0.45254769439500003 -0.45254769439500003 -0.43144488
-0.19775980136000001 -0.19775980136000001 -0.19592345
-0.09449347783 -0.09449347783 -0.09508382
-0.03621257632 -0.03621257632 -0.036392353
-0.015912787930000002 -0.015912787930000002 -0.015656495
-0.007724115980000001 -0.007724115980000001 -0.0073058563
5.1734092811300005 5.1734092811300005 6.216651
-0.366129309385 -0.366129309385 0.5688124
-1.5484131734250002 -1.5484131734250002 -0.94996214
-1.07501123755 -1.07501123755 -0.8966544
-0.508585263685 -0.508585263685 -0.4627411
-0.23999574727 -0.23999574727 -0.22864969
-0.121082362665 -0.121082362665 -0.1179006
-0.04946250338500001 -0.04946250338500001 -0.048597068
-0.02289152446 -0.02289152446 -0.022373326
-0.011638132615000001 -0.011638132615000001 -0.011218543
11.198418285840003 11.198418285840003 11.27696
1.512345577215 1.512345577215 2.2213273
-1.21494219599 -1.21494219599 -0.67999494
-1.322724773345 -1.322724773345 -1.1876976
-0.6783958036400001 -0.6783958036400001 -0.670872
-0.328347996815 -0.328347996815 -0.34198248
-0.167043788055 -0.167043788055 -0.17914745
-0.068553459065 -0.068553459065 -0.07506284
-0.031926920160000004 -0.031926920160000004 -0.035270847
-0.016389526220000002 -0.016389526220000002 -0.018137049
9.891950713515001 9.891950713515001 10.640156
1.306041716225 1.306041716225 2.2567708
-1.0716158096750001 -1.0716158096750001 -0.36558616
-1.39425029841 -1.39425029841 -0.94271636
-0.8490903757000001 -0.8490903757000001 -0.69404066
-0.41624698004000005 -0.41624698004000005 -0.36491567
-0.20795165104500002 -0.20795165104500002 -0.18956617
-0.11082944385 -0.11082944385 -0.10296175
-0.04859359416000001 -0.04859359416000001 -0.045496613
-0.023943273505000005 -0.023943273505000005 -0.022260336
-0.01290947848 -0.01290947848 -0.011782971
9.840891617325001 9.840891617325001 9.706614
2.3806296444100004 2.3806296444100004 2.748694
-0.287151433845 -0.287151433845 0.12141347
-1.018481623305 -1.018481623305 -0.69021726
-0.8620375826150001 -0.8620375826150001 -0.70762944
-0.48596610859500006 -0.48596610859500006 -0.42416704
-0.26112477358 -0.26112477358 -0.2376507
-0.14460206425500002 -0.14460206425500002 -0.13543579
-0.06523721627000001 -0.06523721627000001 -0.06271767
-0.032539606840000006 -0.032539606840000006 -0.031648424
-0.01757845764 -0.01757845764 -0.017123828
10.266508009175 10.266508009175 10.285013
3.2613994606400003 3.2613994606400003 3.9806197
-1.1100245642350002 -1.1100245642350002 -0.41024148
-1.369451006885 -1.369451006885 -0.98612785
-0.949309832735 -0.949309832735 -0.77103335
-0.5836987182850001 -0.5836987182850001 -0.50498354
-0.27411658774000003 -0.27411658774000003 -0.24941018
-0.135039625685 -0.135039625685 -0.12467933
-0.070914676235 -0.070914676235 -0.06472296
4.065608489140001 4.065608489140001 5.1688514
-0.32184074757500003 -0.32184074757500003 0.6101538
-1.41633989015 -1.41633989015 -0.7917424
-1.11058518725 -1.11058518725 -0.88265336
-0.577821536535 -0.577821536535 -0.49626392
-0.29172733903000003 -0.29172733903000003 -0.257828
-0.154411352335 -0.154411352335 -0.13677695
-0.06647855267000001 -0.06647855267000001 -0.057650667
-0.03208439765 -0.03208439765 -0.026550082
-0.016899030750000002 -0.016899030750000002 -0.013102532
5.626496673305001 5.626496673305001 6.4568768
1.096282382175 1.096282382175 1.9792536
-1.375088848055 -1.375088848055 -0.81866646
-1.24640419261 -1.24640419261 -0.971099
-0.81032203266 -0.81032203266 -0.68497646
-0.48954978482000006 -0.48954978482000006 -0.43432683
-0.23118265265500001 -0.23118265265500001 -0.21471302
-0.116466891195 -0.116466891195 -0.1110793
-0.06310297357500001 -0.06310297357500001 -0.06110259
6.645960233609999 6.645960233609999 7.1283712
1.486201058255 1.486201058255 2.293912
-1.4875080846650002 -1.4875080846650002 -0.862595
-1.426232327815 -1.426232327815 -1.0935521
-0.948948984015 -0.948948984015 -0.79224676
-0.580426085045 -0.580426085045 -0.5100573
-0.27626550698 -0.27626550698 -0.25478497
-0.13919272035 -0.13919272035 -0.13188893
-0.07505574611 -0.07505574611 -0.07212111
8.967252921645 8.967252921645 9.552927
2.8156637047600004 2.8156637047600004 3.7050958
0.0173766092 0.0173766092 0.8562476
-1.40202456144 -1.40202456144 -0.88836455
-1.175144735715 -1.175144735715 -0.91857165
-0.777783134705 -0.777783134705 -0.6608336
-0.48653261273000004 -0.48653261273000004 -0.43632394
-0.24245788866 -0.24245788866 -0.22890353
-0.1277563049 -0.1277563049 -0.12402797
-0.07166664569 -0.07166664569 -0.07051969
1.81220175305 1.81220175305 4.025916
-1.7601813300350002 -1.7601813300350002 -0.3864795
-1.23105903778 -1.23105903778 -0.958729
-0.482434548545 -0.482434548545 -0.44592676
-0.196042015475 -0.196042015475 -0.19253443
-0.08875736419500001 -0.08875736419500001 -0.08774011
-0.032064680145 -0.032064680145 -0.030455947
-0.013504180485 -0.013504180485 -0.012950666
-0.006398684815000001 -0.006398684815000001 -0.0058774822
2.9043796910750004 2.9043796910750004 4.1356
-1.0136225842 -1.0136225842 -0.2783146
-1.491597090875 -1.491597090875 -1.1348517
-0.7992253044 -0.7992253044 -0.7420976
-0.34092566460500007 -0.34092566460500007 -0.34049594
-0.152678102255 -0.152678102255 -0.15802708
-0.07473774555000001 -0.07473774555000001 -0.07850566
-0.029617215300000003 -0.029617215300000003 -0.032112557
-0.013407745870000001 -0.013407745870000001 -0.0147997
-0.00670017098 -0.00670017098 -0.0075327223
10.46007990174 10.46007990174 10.269497
-0.5146318952050001 -0.5146318952050001 0.29234517
-1.814665443485 -1.814665443485 -1.3207805
-1.341072817545 -1.341072817545 -1.1225648
-0.819556992615 -0.819556992615 -0.73476833
-0.37229125286500003 -0.37229125286500003 -0.35463965
-0.17808829512000002 -0.17808829512000002 -0.17438388
-0.09195467184000002 -0.09195467184000002 -0.09067236
8.876640667955 8.876640667955 10.278622
0.26003146287 0.26003146287 1.351371
-1.431993042385 -1.431993042385 -0.82885337
-1.3355943442250002 -1.3355943442250002 -1.0481997
-0.62316814859 -0.62316814859 -0.575618
-0.263918646895 -0.263918646895 -0.26082078
-0.119992570125 -0.119992570125 -0.12180394
-0.05950049877 -0.05950049877 -0.060872965
-0.023696345230000002 -0.023696345230000002 -0.023822423
-0.0105959929 -0.0105959929 -0.010203977
-0.005143118205 -0.005143118205 -0.004594446
4.526356460195 4.526356460195 4.972966
-0.786443451475 -0.786443451475 -0.065761685
-1.5203302740700002 -1.5203302740700002 -1.0810852
-0.8169811933300001 -0.8169811933300001 -0.74081445
-0.33671339117 -0.33671339117 -0.33915752
-0.14606228859 -0.14606228859 -0.1559194
-0.069460201745 -0.069460201745 -0.076368004
-0.026365192235000005 -0.026365192235000005 -0.02967448
-0.011502000440000002 -0.011502000440000002 -0.013006366
-0.005556581945000001 -0.005556581945000001 -0.006207588
10.007952339855 10.007952339855 10.637354
3.8976909346850004 3.8976909346850004 4.5516014
0.9444951383250001 0.9444951383250001 1.5144415
-0.36610095398500003 -0.36610095398500003 0.10130912
-0.9504458865850001 -0.9504458865850001 -0.6647773
-0.754111626705 -0.754111626705 -0.5941205
-0.5002458092700001 -0.5002458092700001 -0.41490367
-0.31846795151 -0.31846795151 -0.273522
-0.16402763991000002 -0.16402763991000002 -0.14658839
-0.08921669542 -0.08921669542 -0.081956334
-0.051469986940000004 -0.051469986940000004 -0.048149467
4.31103597583 4.31103597583 5.1606894
-0.300903750335 -0.300903750335 0.5708091
-1.443123377045 -1.443123377045 -0.78298396
-1.122476995675 -1.122476995675 -0.8345135
-0.574815601585 -0.574815601585 -0.46124023
-0.285200634835 -0.285200634835 -0.23912907
-0.14858001181500002 -0.14858001181500002 -0.1281113
-0.06264899837 -0.06264899837 -0.055411153
-0.029670539205000002 -0.029670539205000002 -0.026653403
-0.015398688775 -0.015398688775 -0.013941485
5.960417346380001 5.960417346380001 5.917875
1.328390024735 1.328390024735 1.7049781
-1.394658642425 -1.394658642425 -0.98392105
-1.3630918095900002 -1.3630918095900002 -1.1260955
-0.927321060195 -0.927321060195 -0.8170476
-0.57924075056 -0.57924075056 -0.5352148
-0.28329507319 -0.28329507319 -0.27796954
-0.1459877769 -0.1459877769 -0.15005867
-0.080308400175 -0.080308400175 -0.08563457
5.906779615365001 5.906779615365001 7.6115546
-0.16261806147 -0.16261806147 0.83295655
-1.2741744999350002 -1.2741744999350002 -0.7519552
-1.13105195744 -1.13105195744 -0.870651
-0.5310966945100001 -0.5310966945100001 -0.4723015
-0.23116521933500003 -0.23116521933500003 -0.2190535
-0.108029951965 -0.108029951965 -0.10587563
-0.054890304555 -0.054890304555 -0.05466261
-0.022565043535 -0.022565043535 -0.023010587
-0.0103775513 -0.0103775513 -0.010685754
-0.005174729225 -0.005174729225 -0.005347943
6.253259709005001 6.253259709005001 6.4033074
1.75011939009 1.75011939009 2.174223
-0.28431402974 -0.28431402974 0.19074011
-1.254490128745 -1.254490128745 -0.89233565
-1.01416858318 -1.01416858318 -0.7949825
-0.6672600079400001 -0.6672600079400001 -0.5453982
-0.41762392351500005 -0.41762392351500005 -0.35084495
-0.20871262596500004 -0.20871262596500004 -0.18020472
-0.11024760679500001 -0.11024760679500001 -0.09619916
-0.06190235868 -0.06190235868 -0.053865474
3.01178598177 3.01178598177 3.177496
-0.98665665131 -0.98665665131 -0.6184242
-1.4202071203750002 -1.4202071203750002 -1.1867318
-0.7281395768400001 -0.7281395768400001 -0.6808036
-0.30486707386 -0.30486707386 -0.3013513
-0.13652082776500002 -0.13652082776500002 -0.13930736
-0.06743948567 -0.06743948567 -0.06989494
-0.027341143095000003 -0.027341143095000003 -0.028587732
-0.012734147590000001 -0.012734147590000001 -0.01333965
-0.0065709701250000006 -0.0065709701250000006 -0.0068718717
14.13360688041 14.13360688041 12.756283
5.193124711985001 5.193124711985001 5.1707454
0.98983009316 0.98983009316 1.4321814
-1.375029774305 -1.375029774305 -0.89233696
-1.2708653985 -1.2708653985 -0.97556055
-0.8447546512549999 -0.8447546512549999 -0.68754363
-0.5202282009650001 -0.5202282009650001 -0.43840438
-0.251236116635 -0.251236116635 -0.21820801
-0.12852851696 -0.12852851696 -0.11263742
-0.070358280275 -0.070358280275 -0.061233897
3.6979300034800002 3.6979300034800002 5.834693
-0.7570639226900001 -0.7570639226900001 0.969663
-1.7452413423650002 -1.7452413423650002 -1.0889788
-1.018395926985 -1.018395926985 -0.8338321
-0.52095023972 -0.52095023972 -0.47945347
-0.27026760474 -0.27026760474 -0.26577014
-0.11147179868000001 -0.11147179868000001 -0.114748016
-0.05164426763 -0.05164426763 -0.054140616
-0.026226277029999998 -0.026226277029999998 -0.027726723
10.572682266975 10.572682266975 12.176832
4.193086464785 4.193086464785 5.351693
1.1194566992400001 1.1194566992400001 1.9467236
-0.25038282913500004 -0.25038282913500004 0.34958786
-0.88719987577 -0.88719987577 -0.5608853
-0.7149049301850001 -0.7149049301850001 -0.53704804
-0.475087716915 -0.475087716915 -0.37873223
-0.30198332968 -0.30198332968 -0.24904232
-0.15487821874500002 -0.15487821874500002 -0.13213068
-0.08391654606 -0.08391654606 -0.07279901
-0.04822192838 -0.04822192838 -0.041997984
8.903990212650001 8.903990212650001 10.930147
2.31625879063 2.31625879063 4.3039
-1.6027228749100002 -1.6027228749100002 -0.47064596
-1.6648912229950001 -1.6648912229950001 -1.1725879
-1.1394730911600002 -1.1394730911600002 -0.9582616
-0.709891905505 -0.709891905505 -0.654373
-0.34450351222 -0.34450351222 -0.34301046
-0.17599469516500002 -0.17599469516500002 -0.1819183
-0.09602703238 -0.09602703238 -0.10097521
6.66079278582 6.66079278582 6.9375014
0.04298578871 0.04298578871 0.51448035
-1.0940589775 -1.0940589775 -0.78843486
-0.9571374459250002 -0.9571374459250002 -0.79890716
-0.42381474749500003 -0.42381474749500003 -0.39295673
-0.17751517472500003 -0.17751517472500003 -0.17291981
-0.081137060485 -0.081137060485 -0.08053562
-0.04065297945 -0.04065297945 -0.040315423
-0.01651308225 -0.01651308225 -0.015895009
-0.0075353687850000005 -0.0075353687850000005 -0.0068039675
-0.0037338548250000006 -0.0037338548250000006 -0.0030049763
3.593643331885 3.593643331885 4.1284895
-0.9100207480250001 -0.9100207480250001 -0.27695888
-1.5214960485800002 -1.5214960485800002 -1.1210358
-0.8308512897500001 -0.8308512897500001 -0.7357969
-0.35304568149 -0.35304568149 -0.3396186
-0.156842197765 -0.156842197765 -0.15806985
-0.07584150575 -0.07584150575 -0.07844889
-0.029321268940000002 -0.029321268940000002 -0.030889206
-0.012877263595 -0.012877263595 -0.014080958
-0.00618798844 -0.00618798844 -0.006935692
6.90875177961 6.90875177961 7.0527763
-0.6062615301450001 -0.6062615301450001 0.038882375
-1.49324110021 -1.49324110021 -1.1324699
-1.11691715811 -1.11691715811 -0.9754771
-0.7001110253350001 -0.7001110253350001 -0.6604259
-0.32944395928 -0.32944395928 -0.33451092
-0.161705253885 -0.161705253885 -0.17101046
-0.08503369631 -0.08503369631 -0.09173552
11.381099735680001 11.381099735680001 12.638439
1.197013260355 1.197013260355 2.4185965
-1.3537329785449999 -1.3537329785449999 -0.52777386
-1.54977851219 -1.54977851219 -1.0493019
-0.8288738156600001 -0.8288738156600001 -0.662863
-0.369587407945 -0.369587407945 -0.31264704
-0.171783655715 -0.171783655715 -0.14946622
-0.08646112815 -0.08646112815 -0.075964645
-0.035345084865 -0.035345084865 -0.030916277
-0.016387662115 -0.016387662115 -0.014079205
-0.008362506305000001 -0.008362506305000001 -0.0069436985
8.498200047755 8.498200047755 7.5741053
1.270256308755 1.270256308755 1.5686846
-1.59858046603 -1.59858046603 -1.1278385
-1.1392265042 -1.1392265042 -0.9065499
-0.6210771741350001 -0.6210771741350001 -0.5204549
-0.330547640715 -0.330547640715 -0.28417727
-0.13824071405000002 -0.13824071405000002 -0.11946661
-0.06456453691500001 -0.06456453691500001 -0.05448956
-0.033128165175 -0.033128165175 -0.02673893
5.858734488155 5.858734488155 6.0470567
0.268128688655 0.268128688655 0.9553137
-1.2755052608650002 -1.2755052608650002 -0.6590359
-1.152867578255 -1.152867578255 -0.86779
-0.608456080575 -0.608456080575 -0.49629343
-0.30462718192500005 -0.30462718192500005 -0.25839967
-0.15875571467500002 -0.15875571467500002 -0.13655406
-0.06662285015000001 -0.06662285015000001 -0.056729566
-0.03137714046 -0.03137714046 -0.025806963
-0.01617586303 -0.01617586303 -0.012538675
5.433046367645001 5.433046367645001 5.932128
-0.9904424910350001 -0.9904424910350001 -0.38298178
-1.60614495161 -1.60614495161 -1.2921674
-1.1630918003550001 -1.1630918003550001 -1.0397778
-0.72738054479 -0.72738054479 -0.69067556
-0.34588533912499997 -0.34588533912499997 -0.34828818
-0.17217929231000004 -0.17217929231000004 -0.17928815
-0.09164643814 -0.09164643814 -0.0974422
12.483335675400001 12.483335675400001 12.261849
4.36554671185 4.36554671185 4.8320355
0.53905264214 0.53905264214 1.1650366
-1.5665975177000002 -1.5665975177000002 -1.093262
-1.3907194735 -1.3907194735 -1.1292703
-0.9276380368100001 -0.9276380368100001 -0.8002389
-0.5766911275100001 -0.5766911275100001 -0.51878154
-0.28230095387000004 -0.28230095387000004 -0.26708698
-0.14593762985 -0.14593762985 -0.14313723
-0.08052728811 -0.08052728811 -0.08101444
5.001794261280001 5.001794261280001 5.1935453
0.69610747915 0.69610747915 1.1177605
-0.768529927525 -0.768529927525 -0.39408264
-1.0023308075450001 -1.0023308075450001 -0.8296565
-0.6189354487650001 -0.6189354487650001 -0.55939054
-0.344720667325 -0.344720667325 -0.32804233
-0.19371422092 -0.19371422092 -0.18975681
-0.08790788367 -0.08790788367 -0.08723226
-0.043820907750000006 -0.043820907750000006 -0.042820256
-0.023633411995 -0.023633411995 -0.022168003
3.7300537311200004 3.7300537311200004 4.476326
-0.94261462395 -0.94261462395 -0.18854421
-1.4898275826400003 -1.4898275826400003 -1.2578175
-0.7353102899300001 -0.7353102899300001 -0.69733053
-0.33741143285499997 -0.33741143285499997 -0.33800846
-0.16397933071 -0.16397933071 -0.16825408
-0.06380022761000001 -0.06380022761000001 -0.06580143
-0.028500563895 -0.028500563895 -0.029057844
-0.014156853530000001 -0.014156853530000001 -0.014136478
12.35128000923 12.35128000923 12.688442
1.73705080631 1.73705080631 2.486462
-0.982105845905 -0.982105845905 -0.46570694
-1.2937245242900002 -1.2937245242900002 -1.0120338
-0.7201844693700001 -0.7201844693700001 -0.66221356
-0.327092692755 -0.327092692755 -0.32185352
-0.15532079928 -0.15532079928 -0.15824535
-0.08001245381500001 -0.08001245381500001 -0.082767464
-0.03394188639 -0.03394188639 -0.035243697
-0.01636348126 -0.01636348126 -0.01684593
-0.008669742315000001 -0.008669742315000001 -0.008798015
13.302536834000001 13.302536834000001 13.037704
2.59305874439 2.59305874439 3.1288748
-0.7546743238650001 -0.7546743238650001 -0.2100336
-1.4325622770400002 -1.4325622770400002 -1.0374808
-0.9737724038850001 -0.9737724038850001 -0.8212199
-0.483962116955 -0.483962116955 -0.43401113
-0.23871705000500001 -0.23871705000500001 -0.22313371
-0.12460867171500001 -0.12460867171500001 -0.11975386
-0.05285940154 -0.05285940154 -0.05253132
-0.02516951328 -0.02516951328 -0.025628902
-0.013090821765 -0.013090821765 -0.013639638
8.899296790085002 8.899296790085002 9.619869
1.19027068755 1.19027068755 1.9447482
-0.89778058826 -0.89778058826 -0.32966113
-1.159454905245 -1.159454905245 -0.775512
-0.6781523410250001 -0.6781523410250001 -0.5252695
-0.31906131451 -0.31906131451 -0.25959533
-0.15350888922000003 -0.15350888922000003 -0.12846792
-0.07901095684000001 -0.07901095684000001 -0.06688131
-0.032869553425 -0.032869553425 -0.027754009
-0.015330635815 -0.015330635815 -0.012616762
-0.007778542595000001 -0.007778542595000001 -0.006103941
4.356522316995 4.356522316995 4.3823433
-0.30011381615000005 -0.30011381615000005 0.018947124
-1.3473238442400002 -1.3473238442400002 -1.0822425
-0.9707253798600001 -0.9707253798600001 -0.8869803
-0.46814392579 -0.46814392579 -0.45853844
-0.222234003475 -0.222234003475 -0.2300956
-0.11198298353 -0.11198298353 -0.12101492
-0.04544614476 -0.04544614476 -0.05209508
-0.020926363965000003 -0.020926363965000003 -0.025241852
-0.010609015380000001 -0.010609015380000001 -0.013478614
9.05891587418 9.05891587418 9.54667
1.656701763395 1.656701763395 2.3746958
-0.6837577572700001 -0.6837577572700001 -0.067751825
-1.155117684265 -1.155117684265 -0.6963767
-0.79272120576 -0.79272120576 -0.57750905
-0.40592724225000004 -0.40592724225000004 -0.3100519
-0.205794067655 -0.205794067655 -0.16038615
-0.10990726323000001 -0.10990726323000001 -0.08582233
-0.04798584342 -0.04798584342 -0.03641846
-0.02342129785 -0.02342129785 -0.01723808
-0.012437859915 -0.012437859915 -0.008574033
7.571006350565 7.571006350565 9.422242
1.661180393805 1.661180393805 3.3977723
-1.656457696915 -1.656457696915 -0.6994942
-1.565150735925 -1.565150735925 -1.1490089
-1.032237668005 -1.032237668005 -0.87226367
-0.62839898475 -0.62839898475 -0.571993
-0.29852733152000005 -0.29852733152000005 -0.28899965
-0.150556383195 -0.150556383195 -0.14980628
-0.08129737351500001 -0.08129737351500001 -0.081688456
3.4671728918649998 3.4671728918649998 4.219552
-0.9862498038300002 -0.9862498038300002 -0.2261135
-1.4340478111950001 -1.4340478111950001 -1.1870433
-0.6952843849 -0.6952843849 -0.6461808
-0.316007516695 -0.316007516695 -0.31064984
-0.15256717488000002 -0.15256717488000002 -0.15393014
-0.05893706647 -0.05893706647 -0.06066055
-0.026168857345000004 -0.026168857345000004 -0.027124655
-0.01289955409 -0.01289955409 -0.01341395
8.526056865305002 8.526056865305002 7.8927336
2.0587241782600003 2.0587241782600003 2.2329822
-0.49687676767 -0.49687676767 -0.13338882
-1.37654644689 -1.37654644689 -1.126384
-0.961261948895 -0.961261948895 -0.8585567
-0.56641555063 -0.56641555063 -0.53486073
-0.32617547433 -0.32617547433 -0.3215099
-0.149333897885 -0.149333897885 -0.1533047
-0.07416318113 -0.07416318113 -0.07775917
-0.03964783303 -0.03964783303 -0.04191302
12.741472078625 12.741472078625 12.234278
4.141908275915 4.141908275915 4.6334114
-1.2338214576050002 -1.2338214576050002 -0.6204665
-1.577820926335 -1.577820926335 -1.25663
-1.091850065585 -1.091850065585 -0.96091115
-0.6684144928000001 -0.6684144928000001 -0.6241175
-0.312975536785 -0.312975536785 -0.30997217
-0.15478798031000002 -0.15478798031000002 -0.15878263
-0.082204641295 -0.082204641295 -0.08618837
