4.50855864203 4.50855864203 5.1853523
-0.9155862829250001 -0.9155862829250001 0.068538904
-3.49672449592 -3.49672449592 -2.8987708
-2.810828925275 -2.810828925275 -2.6028664
-1.8440283266000002 -1.8440283266000002 -1.8246264
-1.15223107829 -1.15223107829 -1.2001488
-0.5745386113350001 -0.5745386113350001 -0.6372939
-0.30221455746500003 -0.30221455746500003 -0.35333088
-0.16870475812000002 -0.16870475812000002 -0.20635153
10.796644138255001 10.796644138255001 12.232679
2.6612056972900002 2.6612056972900002 4.815508
-0.9562658849450001 -0.9562658849450001 1.0087252
-2.554084955975 -2.554084955975 -1.4739914
-2.0135116767450003 -2.0135116767450003 -1.5362228
-1.3293919680450001 -1.3293919680450001 -1.1342807
-0.8461697169900001 -0.8461697169900001 -0.7666929
-0.43940725067999997 -0.43940725067999997 -0.41334444
-0.24229211459 -0.24229211459 -0.22859809
-0.14192061485000002 -0.14192061485000002 -0.13182847
4.81590508056 4.81590508056 5.9157634
-0.25957097642500004 -0.25957097642500004 1.1948993
-2.97111997984 -2.97111997984 -1.9200773
-2.54036138871 -2.54036138871 -1.9737763
-1.7259195789800001 -1.7259195789800001 -1.4370098
-1.106438026215 -1.106438026215 -0.9511438
-0.56868387761 -0.56868387761 -0.49317315
-0.30663847245500003 -0.30663847245500003 -0.26031497
-0.17484086668 -0.17484086668 -0.14260079
6.53225943794 6.53225943794 6.838309
-2.3588027076900002 -2.3588027076900002 -1.4672908
-2.9346178108700003 -2.9346178108700003 -2.5097952
-2.05502185569 -2.05502185569 -1.9309858
-1.277747910455 -1.277747910455 -1.2755487
-0.61472165254 -0.61472165254 -0.653808
-0.312881596395 -0.312881596395 -0.34811464
-0.171311695835 -0.171311695835 -0.19702715
5.3897036947200005 5.3897036947200005 4.3387356
-1.3923710442750001 -1.3923710442750001 -1.0617349
-1.9737909860900003 -1.9737909860900003 -1.7244139
-1.4002748232200002 -1.4002748232200002 -1.317226
-0.8672395382750001 -0.8672395382750001 -0.864421
-0.41028349810500003 -0.41028349810500003 -0.43907696
-0.204645726465 -0.204645726465 -0.23302944
-0.10964930785500002 -0.10964930785500002 -0.13354763
12.776554377195 12.776554377195 15.665531
2.201013702115 2.201013702115 5.3618245
-3.65988913398 -3.65988913398 -1.8991122
-3.3186262239000004 -3.3186262239000004 -2.616064
-2.2014552324500003 -2.2014552324500003 -1.9647591
-1.3624955322849999 -1.3624955322849999 -1.2926909
-0.66769662859 -0.66769662859 -0.65928876
-0.346941000165 -0.346941000165 -0.34605786
-0.19220361324000002 -0.19220361324000002 -0.19098952
-1.5183038344050002 -1.5183038344050002 1.2455895
-3.942367072805 -3.942367072805 -2.493365
-2.9170696515000003 -2.9170696515000003 -2.3842146
-1.8035415675550002 -1.8035415675550002 -1.6591146
-0.839406560265 -0.839406560265 -0.8469049
-0.41080452858 -0.41080452858 -0.43364468
-0.21605746221500002 -0.21605746221500002 -0.23363653
7.81854886129 7.81854886129 6.972525
2.43146163485 2.43146163485 2.587276
-1.28457817496 -1.28457817496 -0.83563477
-1.4905538747050002 -1.4905538747050002 -1.2618294
-1.035976169965 -1.035976169965 -0.9790276
-0.638542840295 -0.638542840295 -0.6640033
-0.300040958525 -0.300040958525 -0.36307436
-0.147129108005 -0.147129108005 -0.210967
-0.076643202175 -0.076643202175 -0.13315937
12.272764457985 12.272764457985 13.66642
4.210083479195 4.210083479195 5.9679937
-1.577737015355 -1.577737015355 -0.2755162
-2.110880602175 -2.110880602175 -1.3658236
-1.520699760685 -1.520699760685 -1.1179848
-0.94903386643 -0.94903386643 -0.7262601
-0.44597365243500003 -0.44597365243500003 -0.3428279
-0.21791111772500002 -0.21791111772500002 -0.16163313
-0.11341078294000001 -0.11341078294000001 -0.07933761
8.599993885865 8.599993885865 8.759058
1.66337386778 1.66337386778 2.452395
-1.4819992868200003 -1.4819992868200003 -0.6567601
-2.88561778931 -2.88561778931 -2.394869
-2.3126275666000002 -2.3126275666000002 -2.0956602
-1.567216006735 -1.567216006735 -1.4868501
-1.0127061534250001 -1.0127061534250001 -0.98905945
-0.523709876515 -0.523709876515 -0.5238192
-0.28034059804 -0.28034059804 -0.28534418
-0.15712302124500002 -0.15712302124500002 -0.1611799
11.463522057180002 11.463522057180002 13.448961
4.439779915065 4.439779915065 6.127932
0.8195884723600001 0.8195884723600001 2.1222067
-0.8626844007950001 -0.8626844007950001 0.101581454
-1.626406066385 -1.626406066385 -1.116848
-1.308684597035 -1.308684597035 -1.0429538
-0.8948201532250001 -0.8948201532250001 -0.75672513
-0.587429658805 -0.587429658805 -0.514768
-0.315025999775 -0.315025999775 -0.28627127
-0.17665871037 -0.17665871037 -0.16433272
-0.10390295477 -0.10390295477 -0.098093435
10.649685714005 10.649685714005 7.542198
2.8735539056150006 2.8735539056150006 1.8217216
-0.7048738923750001 -0.7048738923750001 -0.9395894
-2.4894552016400002 -2.4894552016400002 -2.398928
-2.07892209725 -2.07892209725 -2.0597517
-1.4261498608600003 -1.4261498608600003 -1.4708936
-0.92826952207 -0.92826952207 -0.9955573
-0.48726830408500005 -0.48726830408500005 -0.54823166
-0.26640827727 -0.26640827727 -0.31018236
-0.15319892269000002 -0.15319892269000002 -0.18329044
11.200600050085 11.200600050085 9.563982
2.468241502955 2.468241502955 2.5872872
-2.906927581295 -2.906927581295 -2.223821
-2.90361847986 -2.90361847986 -2.5382216
-2.018361395325 -2.018361395325 -1.9110609
-1.281771226655 -1.281771226655 -1.2933987
-0.6374162907550001 -0.6374162907550001 -0.6923557
-0.3319178104 -0.3319178104 -0.3797456
-0.18346715697000002 -0.18346715697000002 -0.21831465
10.9197238763 10.9197238763 12.922017
4.29970704835 4.29970704835 6.159045
0.9799042853900001 0.9799042853900001 2.4197521
-0.521648018855 -0.521648018855 0.5032373
-1.179845850995 -1.179845850995 -0.7205814
-0.9225942412700001 -0.9225942412700001 -0.7368215
-0.60446025336 -0.60446025336 -0.54004186
-0.38121451346 -0.38121451346 -0.3668813
-0.19436726153500003 -0.19436726153500003 -0.20596738
-0.10482776089000001 -0.10482776089000001 -0.12162813
-0.059616729655000006 -0.059616729655000006 -0.07605907
5.22657528856 5.22657528856 6.3609953
-1.08157036667 -1.08157036667 0.29913884
-1.5193457115700002 -1.5193457115700002 -0.85487604
-1.013242438055 -1.013242438055 -0.7449184
-0.57453322906 -0.57453322906 -0.46497113
-0.22592288348500003 -0.22592288348500003 -0.18658325
-0.087129501685 -0.087129501685 -0.06380725
-0.03228220282 -0.03228220282 -0.014414797
8.49489126138 8.49489126138 9.840665
1.181101575135 1.181101575135 2.9841778
-3.0509695476350003 -3.0509695476350003 -1.7831538
-2.8026870397350003 -2.8026870397350003 -2.1572485
-1.9134388276300003 -1.9134388276300003 -1.6184119
-1.214299499845 -1.214299499845 -1.0840875
-0.61258134494 -0.61258134494 -0.5734653
-0.32550783593500004 -0.32550783593500004 -0.3131435
-0.18428161332500004 -0.18428161332500004 -0.18018527
5.305453053785 5.305453053785 6.094611
-0.1415995162 -0.1415995162 1.2203457
-3.07923113852 -3.07923113852 -1.9365065
-2.65519603281 -2.65519603281 -1.9679002
-1.78305376711 -1.78305376711 -1.3989711
-1.11070863826 -1.11070863826 -0.89060783
-0.5320109723750001 -0.5320109723750001 -0.42433918
-0.262527604485 -0.262527604485 -0.19972616
-0.13621991921 -0.13621991921 -0.09488628
14.46520543001 14.46520543001 10.80332
4.062440797135 4.062440797135 3.3480146
-2.48903680196 -2.48903680196 -1.8064196
-2.77193678991 -2.77193678991 -2.2228653
-1.9783782859450003 -1.9783782859450003 -1.6671185
-1.279363800685 -1.279363800685 -1.1144264
-0.655269008125 -0.655269008125 -0.5871919
-0.351500023385 -0.351500023385 -0.3187322
-0.20051670763500004 -0.20051670763500004 -0.18293202
8.58703927504 8.58703927504 13.010923
0.76263864684 0.76263864684 4.4071674
-3.8259791566500003 -3.8259791566500003 -2.0767698
-3.47506837423 -3.47506837423 -2.7723095
-2.30485120317 -2.30485120317 -2.0494547
-1.3812779129500001 -1.3812779129500001 -1.2980391
-0.6236037978050001 -0.6236037978050001 -0.6187981
-0.299172443125 -0.299172443125 -0.30987072
-0.15615090361500003 -0.15615090361500003 -0.16942449
5.94271249717 5.94271249717 5.503784
-2.22542725518 -2.22542725518 -1.2807122
-3.02850705613 -3.02850705613 -2.3549597
-2.2375376364800004 -2.2375376364800004 -1.9187143
-1.4445907164850003 -1.4445907164850003 -1.3235601
-0.72352389533 -0.72352389533 -0.70817757
-0.380086309855 -0.380086309855 -0.3873634
-0.21401064867000003 -0.21401064867000003 -0.22372071
4.54860114022 4.54860114022 4.787499
-2.6941585053200003 -2.6941585053200003 -0.5564923
-5.409180047545 -5.409180047545 -3.403553
-3.9017999209500003 -3.9017999209500003 -2.8022528
-2.3627566581800004 -2.3627566581800004 -1.8133141
-1.376794162815 -1.376794162815 -1.0841134
-0.623537845245 -0.623537845245 -0.47867894
-0.29620788605500004 -0.29620788605500004 -0.20737027
-0.14716323950500002 -0.14716323950500002 -0.08629334
13.179925012565 13.179925012565 12.485712
4.7340992527150005 4.7340992527150005 5.2792974
-1.8044776633250001 -1.8044776633250001 -0.89973927
-2.5784145455500003 -2.5784145455500003 -2.0234523
-1.95113318364 -1.95113318364 -1.6902742
-1.27059439439 -1.27059439439 -1.1648742
-0.63076214479 -0.63076214479 -0.60965276
-0.32338278249 -0.32338278249 -0.32212704
-0.176261130905 -0.176261130905 -0.1782032
8.106640381665 8.106640381665 8.52087
2.61387769915 2.61387769915 3.4778438
-0.020579482904999998 -0.020579482904999998 0.8764386
-1.4570972594800002 -1.4570972594800002 -0.82314837
-1.26218670323 -1.26218670323 -0.8823977
-0.85923609535 -0.85923609535 -0.63883346
-0.5510716560400001 -0.5510716560400001 -0.41920355
-0.283856641385 -0.283856641385 -0.21648782
-0.153711866625 -0.153711866625 -0.11469288
-0.088263507645 -0.088263507645 -0.063244045
4.364454241300001 4.364454241300001 4.6312065
-3.28126782687 -3.28126782687 -1.886135
-3.3844321234700003 -3.3844321234700003 -2.66014
-2.3035827716100004 -2.3035827716100004 -2.0542595
-1.4182860682800003 -1.4182860682800003 -1.3717384
-0.6717840069900001 -0.6717840069900001 -0.70596457
-0.33734482392 -0.33734482392 -0.374134
-0.18043943037 -0.18043943037 -0.21081996
-1.2447395993550001 -1.2447395993550001 -0.20095539
-3.47289803091 -3.47289803091 -2.5703082
-2.60897898874 -2.60897898874 -2.1045082
-1.5936125999500002 -1.5936125999500002 -1.3441231
-0.707883398005 -0.707883398005 -0.62587434
-0.32708807187500005 -0.32708807187500005 -0.3025161
-0.16273502749500002 -0.16273502749500002 -0.15760037
1.8205988109350002 1.8205988109350002 3.724977
-5.797870829785001 -5.797870829785001 -4.0768185
-4.68135692222 -4.68135692222 -4.1367006
-2.893369184235 -2.893369184235 -2.8698704
-1.68834904155 -1.68834904155 -1.8004986
-0.7630207358550001 -0.7630207358550001 -0.8703215
-0.368193792545 -0.368193792545 -0.44036105
-0.19228001529 -0.19228001529 -0.23929144
10.750205344455 10.750205344455 8.578225
1.45114750891 1.45114750891 1.5697205
-3.0173354486100004 -3.0173354486100004 -2.344088
-2.471643888405 -2.471643888405 -2.1499736
-1.5428608185350001 -1.5428608185350001 -1.4483615
-0.921786086115 -0.921786086115 -0.9204035
-0.44355811367000003 -0.44355811367000003 -0.47891685
-0.232688954515 -0.232688954515 -0.2697974
-0.13180416952500001 -0.13180416952500001 -0.16549133
4.1786799262050005 4.1786799262050005 4.160621
-3.7854946030250005 -3.7854946030250005 -2.615662
-3.856996262295 -3.856996262295 -3.0904438
-2.6453263057200003 -2.6453263057200003 -2.27002
-1.650838496795 -1.650838496795 -1.4866258
-0.803196819485 -0.803196819485 -0.7612169
-0.41297455684 -0.41297455684 -0.4043358
-0.22695499379000003 -0.22695499379000003 -0.22765042
8.9058740089 8.9058740089 10.08255
2.964439788915 2.964439788915 4.0744143
0.16090387252000002 0.16090387252000002 1.0163877
-1.013732251335 -1.013732251335 -0.40995204
-1.3858970076100001 -1.3858970076100001 -1.1217742
-1.0497061434500001 -1.0497061434500001 -0.94830525
-0.7060712253950001 -0.7060712253950001 -0.67403233
-0.465866068245 -0.465866068245 -0.4605589
-0.258271196395 -0.258271196395 -0.26401424
-0.15241883413 -0.15241883413 -0.15838301
-0.095568383785 -0.095568383785 -0.09960256
11.059243051320001 11.059243051320001 12.984959
2.899826706505 2.899826706505 4.9273148
-0.8873918785850001 -0.8873918785850001 0.7488036
-2.384799804825 -2.384799804825 -1.1969557
-2.613038720625 -2.613038720625 -2.065011
-1.9092955260800002 -1.9092955260800002 -1.6694967
-1.26580695267 -1.26580695267 -1.1565915
-0.8228319625500001 -0.8228319625500001 -0.76631784
-0.43980188958500005 -0.43980188958500005 -0.41164553
-0.24596818216000002 -0.24596818216000002 -0.22718027
-0.14440281506 -0.14440281506 -0.13026458
14.059144261005002 14.059144261005002 13.110431
4.745808720165001 4.745808720165001 5.0962915
0.328288292945 0.328288292945 0.99962854
-1.5364901740599999 -1.5364901740599999 -0.9005784
-2.14472453116 -2.14472453116 -1.7829266
-1.62011014364 -1.62011014364 -1.4567553
-1.076693736715 -1.076693736715 -1.0114374
-0.69634340658 -0.69634340658 -0.6724037
-0.36834491632500005 -0.36834491632500005 -0.3654565
-0.20450276799 -0.20450276799 -0.20550808
-0.119434021255 -0.119434021255 -0.12075862
11.772845523465001 11.772845523465001 11.263207
1.1846246285650002 1.1846246285650002 3.1727145
-3.05609307961 -3.05609307961 -0.74121034
-4.25913356904 -4.25913356904 -2.8328855
-3.0752597022 -3.0752597022 -2.4285812
-1.9599700127750002 -1.9599700127750002 -1.6989841
-1.226130317905 -1.226130317905 -1.1266394
-0.6310245372600001 -0.6310245372600001 -0.60903186
-0.348351628805 -0.348351628805 -0.34507546
-0.20737595766 -0.20737595766 -0.20708556
12.321637352835001 12.321637352835001 11.796321
3.174697075295 3.174697075295 4.043478
-2.6134651543350005 -2.6134651543350005 -1.7239377
-2.70673900865 -2.70673900865 -2.323603
-1.8369272942800001 -1.8369272942800001 -1.7357261
-1.1242849937400001 -1.1242849937400001 -1.1278421
-0.5310128097850001 -0.5310128097850001 -0.5652389
-0.26621753469500004 -0.26621753469500004 -0.29579556
-0.143891813995 -0.143891813995 -0.1665571
6.9514330890850005 6.9514330890850005 10.502922
0.60200819389 0.60200819389 3.6976857
-2.1462629953950003 -2.1462629953950003 0.22481453
-3.113641860445 -3.113641860445 -1.9064856
-2.3761496487400002 -2.3761496487400002 -1.774162
-1.578450101155 -1.578450101155 -1.2531894
-1.012356069255 -1.012356069255 -0.812575
-0.5254263233950001 -0.5254263233950001 -0.4045765
-0.28440508208000004 -0.28440508208000004 -0.19860357
-0.16092225102000002 -0.16092225102000002 -0.095066935
10.39899816934 10.39899816934 10.9631195
-0.3680420649 -0.3680420649 2.858544
-5.235316969575 -5.235316969575 -2.436468
-4.133399503005 -4.133399503005 -2.6035624
-2.623574484555 -2.623574484555 -1.8139642
-1.5897298792749999 -1.5897298792749999 -1.1150647
-0.76334595654 -0.76334595654 -0.49734253
-0.39120196797 -0.39120196797 -0.21467392
-0.214744659705 -0.214744659705 -0.08848186
5.192398997530001 5.192398997530001 4.399289
-1.128148863325 -1.128148863325 0.05690217
-3.4374870722500006 -3.4374870722500006 -2.2783003
-2.421359787305 -2.421359787305 -1.920011
-1.4042426363500002 -1.4042426363500002 -1.2371712
-0.776829185535 -0.776829185535 -0.7253949
-0.316527470715 -0.316527470715 -0.3026405
-0.13057165480500002 -0.13057165480500002 -0.11859304
-0.05245580968000001 -0.05245580968000001 -0.040271778
8.057277489750001 8.057277489750001 7.308151
0.874447060875 0.874447060875 1.3356607
-2.2440317582200002 -2.2440317582200002 -1.454367
-3.44040962132 -3.44040962132 -2.8128057
-2.6934001559 -2.6934001559 -2.3538563
-1.828147701045 -1.828147701045 -1.6659565
-1.1934898131 -1.1934898131 -1.120018
-0.6319419919800001 -0.6319419919800001 -0.61254853
-0.351103625395 -0.351103625395 -0.34716174
-0.20627679208500002 -0.20627679208500002 -0.20799306
6.792000651785001 6.792000651785001 7.495763
-1.0755408796650001 -1.0755408796650001 0.641075
-2.0782468449050002 -2.0782468449050002 -0.94242525
-1.58701928682 -1.58701928682 -0.9951889
-1.007636995555 -1.007636995555 -0.72819567
-0.45990634077500003 -0.45990634077500003 -0.37559822
-0.20493831218500003 -0.20493831218500003 -0.1792657
-0.09114517768000001 -0.09114517768000001 -0.08266426
5.5279677757200005 5.5279677757200005 7.9698253
-0.23280234986 -0.23280234986 1.9965956
-2.71590373648 -2.71590373648 -0.97202265
-3.41845571542 -3.41845571542 -2.5256586
-2.5353251021000003 -2.5353251021000003 -2.1075327
-1.6617005316100002 -1.6617005316100002 -1.4537903
-1.058912905535 -1.058912905535 -0.95374376
-0.551353135895 -0.551353135895 -0.50749576
-0.30344347525000004 -0.30344347525000004 -0.281448
-0.17646578863 -0.17646578863 -0.16382663
9.874063628350001 9.874063628350001 10.517834
0.844822494175 0.844822494175 3.114738
-4.18061736142 -4.18061736142 -2.138154
-3.69373408691 -3.69373408691 -2.5920045
-2.486518763675 -2.486518763675 -1.9800829
-1.56240055093 -1.56240055093 -1.3424239
-0.776446335125 -0.776446335125 -0.7111005
-0.4067469758600001 -0.4067469758600001 -0.38349965
-0.22744189276500001 -0.22744189276500001 -0.21637273
7.719568640255 7.719568640255 6.7016664
-1.171393683865 -1.171393683865 -0.89968693
-2.5769997686200004 -2.5769997686200004 -2.1328323
-2.003144995015 -2.003144995015 -1.6864974
-1.268917513795 -1.268917513795 -1.0842843
-0.58862801577 -0.58862801577 -0.5080741
-0.28167608487 -0.28167608487 -0.24100015
-0.144909300265 -0.144909300265 -0.1208641
3.40488497851 3.40488497851 3.444533
-3.577724610325 -3.577724610325 -2.1788588
-3.1146331967350003 -3.1146331967350003 -2.369707
-1.9184329487100003 -1.9184329487100003 -1.6249946
-0.83863327175 -0.83863327175 -0.7685886
-0.38399392027 -0.38399392027 -0.3590672
-0.190787602325 -0.190787602325 -0.17749816
12.400734163525 12.400734163525 15.452048
2.2512566091200004 2.2512566091200004 5.748456
-2.2379373951100003 -2.2379373951100003 0.72295356
-3.85074234755 -3.85074234755 -1.6485016
-3.7419936387050003 -3.7419936387050003 -2.7704673
-2.63999218239 -2.63999218239 -2.3142784
-1.7224916474150003 -1.7224916474150003 -1.6673888
-1.113049350275 -1.113049350275 -1.1518823
-0.59770625963 -0.59770625963 -0.66005677
-0.34004031975000004 -0.34004031975000004 -0.3913715
-0.20467668111 -0.20467668111 -0.24234925
6.28066160617 6.28066160617 8.118117
-0.45335921019000003 -0.45335921019000003 2.0963578
-3.758375130895 -3.758375130895 -2.0627837
-3.089018241125 -3.089018241125 -2.3499756
-2.0427510038300003 -2.0427510038300003 -1.807111
-1.2848668224300002 -1.2848668224300002 -1.2566664
-0.6495282211000001 -0.6495282211000001 -0.70381236
-0.34812061106000003 -0.34812061106000003 -0.4049249
-0.198973753795 -0.198973753795 -0.24450937
2.1317743574300003 2.1317743574300003 2.3713477
-2.1023030411650003 -2.1023030411650003 -1.6530442
-2.059948422655 -2.059948422655 -1.8503635
-1.3487358118850001 -1.3487358118850001 -1.296914
-0.6205994906650001 -0.6205994906650001 -0.6392716
-0.29465285491500004 -0.29465285491500004 -0.3158191
-0.15175823207500003 -0.15175823207500003 -0.1655521
3.3298450641650006 3.3298450641650006 8.217384
-4.12211124452 -4.12211124452 -1.0664027
-3.6283405221150002 -3.6283405221150002 -2.2767503
-2.290414707635 -2.290414707635 -1.7262417
-1.34448368336 -1.34448368336 -1.0936884
-0.6160716058750001 -0.6160716058750001 -0.5156799
-0.30238109293000004 -0.30238109293000004 -0.24966091
-0.159527086575 -0.159527086575 -0.1278729
5.758819510355 5.758819510355 6.215685
0.8670028494500001 0.8670028494500001 1.8463346
-1.9763585675600002 -1.9763585675600002 -1.0825865
-1.8381672916750003 -1.8381672916750003 -1.2624531
-1.264004835725 -1.264004835725 -0.90791416
-0.8048690266900002 -0.8048690266900002 -0.5741191
-0.40262257791 -0.40262257791 -0.2661473
-0.20893503207000003 -0.20893503207000003 -0.11692086
-0.114047282905 -0.114047282905 -0.047696333
13.65576955611 13.65576955611 13.875584
4.674766785945001 4.674766785945001 5.9751625
0.31347522194500005 0.31347522194500005 1.7460704
-2.1414787042750003 -2.1414787042750003 -1.2348388
-1.9006578411200004 -1.9006578411200004 -1.4817946
-1.3006109219850002 -1.3006109219850002 -1.134995
-0.8372021904650001 -0.8372021904650001 -0.77702105
-0.43565966449000004 -0.43565966449000004 -0.42278054
-0.24000099827000002 -0.24000099827000002 -0.23413476
-0.14104957897 -0.14104957897 -0.13539098
9.148365398940001 9.148365398940001 8.026455
0.7659468818599999 0.7659468818599999 1.3310211
-3.7198823078250003 -3.7198823078250003 -2.8523436
-3.23486101166 -3.23486101166 -2.7781458
-2.1575146806650003 -2.1575146806650003 -1.9691277
-1.346464491835 -1.346464491835 -1.2785478
-0.6621705549550001 -0.6621705549550001 -0.65002406
-0.34293677135000006 -0.34293677135000006 -0.34023693
-0.18907934700500004 -0.18907934700500004 -0.18799856
9.0262342803 9.0262342803 9.90959
1.436570759165 1.436570759165 2.8607569
-2.737320386315 -2.737320386315 -1.7682519
-2.456116733915 -2.456116733915 -1.9997709
-1.6330693228350002 -1.6330693228350002 -1.4305273
-1.0178662061050001 -1.0178662061050001 -0.9203838
-0.5052925716250001 -0.5052925716250001 -0.46216798
-0.26648909016000005 -0.26648909016000005 -0.23998511
-0.14991135035500003 -0.14991135035500003 -0.13090657
