4.50855864203 4.50855864203 5.238722
-0.9155862829250001 -0.9155862829250001 0.2783501
-3.49672449592 -3.49672449592 -2.7314205
-2.810828925275 -2.810828925275 -2.5270336
-1.8440283266000002 -1.8440283266000002 -1.7965938
-1.15223107829 -1.15223107829 -1.1908728
-0.5745386113350001 -0.5745386113350001 -0.63573146
-0.30221455746500003 -0.30221455746500003 -0.3530894
-0.16870475812000002 -0.16870475812000002 -0.20631586
10.796644138255001 10.796644138255001 12.034533
2.6612056972900002 2.6612056972900002 4.8976326
-0.9562658849450001 -0.9562658849450001 1.1631082
-2.554084955975 -2.554084955975 -1.3625634
-2.0135116767450003 -2.0135116767450003 -1.485217
-1.3293919680450001 -1.3293919680450001 -1.114631
-0.8461697169900001 -0.8461697169900001 -0.7597976
-0.43940725067999997 -0.43940725067999997 -0.4120494
-0.24229211459 -0.24229211459 -0.2283712
-0.14192061485000002 -0.14192061485000002 -0.13179012
4.81590508056 4.81590508056 5.9487696
-0.25957097642500004 -0.25957097642500004 1.3550842
-2.97111997984 -2.97111997984 -1.7832909
-2.54036138871 -2.54036138871 -1.9078766
-1.7259195789800001 -1.7259195789800001 -1.4109801
-1.106438026215 -1.106438026215 -0.941886
-0.56868387761 -0.56868387761 -0.49141845
-0.30663847245500003 -0.30663847245500003 -0.2600069
-0.17484086668 -0.17484086668 -0.1425488
6.53225943794 6.53225943794 7.1418695
-2.3588027076900002 -2.3588027076900002 -1.1477164
-2.9346178108700003 -2.9346178108700003 -2.357111
-2.05502185569 -2.05502185569 -1.8745004
-1.277747910455 -1.277747910455 -1.2573465
-0.61472165254 -0.61472165254 -0.6509512
-0.312881596395 -0.312881596395 -0.34771273
-0.171311695835 -0.171311695835 -0.1969739
5.3897036947200005 5.3897036947200005 4.4641514
-1.3923710442750001 -1.3923710442750001 -0.8811523
-1.9737909860900003 -1.9737909860900003 -1.6319444
-1.4002748232200002 -1.4002748232200002 -1.2817084
-0.8672395382750001 -0.8672395382750001 -0.8527243
-0.41028349810500003 -0.41028349810500003 -0.43721804
-0.204645726465 -0.204645726465 -0.23276928
-0.10964930785500002 -0.10964930785500002 -0.1335138
12.776554377195 12.776554377195 15.087709
2.201013702115 2.201013702115 5.3031044
-3.65988913398 -3.65988913398 -1.7601191
-3.3186262239000004 -3.3186262239000004 -2.5341506
-2.2014552324500003 -2.2014552324500003 -1.9316016
-1.3624955322849999 -1.3624955322849999 -1.2812694
-0.66769662859 -0.66769662859 -0.6573225
-0.346941000165 -0.346941000165 -0.34575355
-0.19220361324000002 -0.19220361324000002 -0.19094492
-1.5183038344050002 -1.5183038344050002 1.6061082
-3.942367072805 -3.942367072805 -2.2756886
-2.9170696515000003 -2.9170696515000003 -2.2950811
-1.8035415675550002 -1.8035415675550002 -1.6283311
-0.839406560265 -0.839406560265 -0.8416551
-0.41080452858 -0.41080452858 -0.43285388
-0.21605746221500002 -0.21605746221500002 -0.23352619
7.81854886129 7.81854886129 7.082567
2.43146163485 2.43146163485 2.8079023
-1.28457817496 -1.28457817496 -0.6641533
-1.4905538747050002 -1.4905538747050002 -1.1836997
-1.035976169965 -1.035976169965 -0.95074534
-0.638542840295 -0.638542840295 -0.65505767
-0.300040958525 -0.300040958525 -0.3617138
-0.147129108005 -0.147129108005 -0.21078274
-0.076643202175 -0.076643202175 -0.13313605
12.272764457985 12.272764457985 13.997677
4.210083479195 4.210083479195 6.4075165
-1.577737015355 -1.577737015355 0.024848878
-2.110880602175 -2.110880602175 -1.2326897
-1.520699760685 -1.520699760685 -1.07064
-0.94903386643 -0.94903386643 -0.7116212
-0.44597365243500003 -0.44597365243500003 -0.34070283
-0.21791111772500002 -0.21791111772500002 -0.16136159
-0.11341078294000001 -0.11341078294000001 -0.079305395
8.599993885865 8.599993885865 8.545142
1.66337386778 1.66337386778 2.5104415
-1.4819992868200003 -1.4819992868200003 -0.5209497
-2.88561778931 -2.88561778931 -2.287888
-2.3126275666000002 -2.3126275666000002 -2.0435686
-1.567216006735 -1.567216006735 -1.4655502
-1.0127061534250001 -1.0127061534250001 -0.98112893
-0.523709876515 -0.523709876515 -0.5221938
-0.28034059804 -0.28034059804 -0.2850346
-0.15712302124500002 -0.15712302124500002 -0.16112328
11.463522057180002 11.463522057180002 13.417433
4.439779915065 4.439779915065 6.349617
0.8195884723600001 0.8195884723600001 2.3872328
-0.8626844007950001 -0.8626844007950001 0.3274067
-1.626406066385 -1.626406066385 -1.0036136
-1.308684597035 -1.308684597035 -0.9980017
-0.8948201532250001 -0.8948201532250001 -0.7409709
-0.587429658805 -0.587429658805 -0.5096623
-0.315025999775 -0.315025999775 -0.28541398
-0.17665871037 -0.17665871037 -0.16419868
-0.10390295477 -0.10390295477 -0.09807335
10.649685714005 10.649685714005 7.582239
2.8735539056150006 2.8735539056150006 2.0143366
-0.7048738923750001 -0.7048738923750001 -0.73631716
-2.4894552016400002 -2.4894552016400002 -2.278494
-2.07892209725 -2.07892209725 -2.0065615
-1.4261498608600003 -1.4261498608600003 -1.4502842
-0.92826952207 -0.92826952207 -0.9881465
-0.48726830408500005 -0.48726830408500005 -0.546762
-0.26640827727 -0.26640827727 -0.3099076
-0.15319892269000002 -0.15319892269000002 -0.18324067
11.200600050085 11.200600050085 9.714138
2.468241502955 2.468241502955 2.8882418
-2.906927581295 -2.906927581295 -1.994005
-2.90361847986 -2.90361847986 -2.4284778
-2.018361395325 -2.018361395325 -1.8673116
-1.281771226655 -1.281771226655 -1.277621
-0.6374162907550001 -0.6374162907550001 -0.6893068
-0.3319178104 -0.3319178104 -0.3792047
-0.18346715697000002 -0.18346715697000002 -0.2182236
10.9197238763 10.9197238763 13.007121
4.29970704835 4.29970704835 6.4298553
0.9799042853900001 0.9799042853900001 2.7018108
-0.521648018855 -0.521648018855 0.7319271
-1.179845850995 -1.179845850995 -0.6113854
-0.9225942412700001 -0.9225942412700001 -0.6949141
-0.60446025336 -0.60446025336 -0.52581394
-0.38121451346 -0.38121451346 -0.3624178
-0.19436726153500003 -0.19436726153500003 -0.20525554
-0.10482776089000001 -0.10482776089000001 -0.121522754
-0.059616729655000006 -0.059616729655000006 -0.07604415
5.22657528856 5.22657528856 6.5616894
-1.08157036667 -1.08157036667 0.53308886
-1.5193457115700002 -1.5193457115700002 -0.7391373
-1.013242438055 -1.013242438055 -0.701638
-0.57453322906 -0.57453322906 -0.4512178
-0.22592288348500003 -0.22592288348500003 -0.18454763
-0.087129501685 -0.087129501685 -0.06354486
-0.03228220282 -0.03228220282 -0.014383363
8.49489126138 8.49489126138 10.068465
1.181101575135 1.181101575135 3.3303313
-3.0509695476350003 -3.0509695476350003 -1.5435419
-2.8026870397350003 -2.8026870397350003 -2.0490427
-1.9134388276300003 -1.9134388276300003 -1.5776161
-1.214299499845 -1.214299499845 -1.0702318
-0.61258134494 -0.61258134494 -0.571034
-0.32550783593500004 -0.32550783593500004 -0.3127529
-0.18428161332500004 -0.18428161332500004 -0.18012562
5.305453053785 5.305453053785 6.522253
-0.1415995162 -0.1415995162 1.6390746
-3.07923113852 -3.07923113852 -1.6938877
-2.65519603281 -2.65519603281 -1.8608503
-1.78305376711 -1.78305376711 -1.3581166
-1.11070863826 -1.11070863826 -0.87647784
-0.5320109723750001 -0.5320109723750001 -0.4218169
-0.262527604485 -0.262527604485 -0.19932227
-0.13621991921 -0.13621991921 -0.094826
14.46520543001 14.46520543001 10.747511
4.062440797135 4.062440797135 3.5256739
-2.48903680196 -2.48903680196 -1.6287019
-2.77193678991 -2.77193678991 -2.1374714
-1.9783782859450003 -1.9783782859450003 -1.6343813
-1.279363800685 -1.279363800685 -1.1032603
-0.655269008125 -0.655269008125 -0.5852299
-0.351500023385 -0.351500023385 -0.31841594
-0.20051670763500004 -0.20051670763500004 -0.18288328
8.58703927504 8.58703927504 13.064882
0.76263864684 0.76263864684 4.7876906
-3.8259791566500003 -3.8259791566500003 -1.7101642
-3.47506837423 -3.47506837423 -2.5863454
-2.30485120317 -2.30485120317 -1.9784234
-1.3812779129500001 -1.3812779129500001 -1.2756042
-0.6236037978050001 -0.6236037978050001 -0.6156841
-0.299172443125 -0.299172443125 -0.30951568
-0.15615090361500003 -0.15615090361500003 -0.16938867
5.94271249717 5.94271249717 5.8599277
-2.22542725518 -2.22542725518 -0.99045694
-3.02850705613 -3.02850705613 -2.2139397
-2.2375376364800004 -2.2375376364800004 -1.8634561
-1.4445907164850003 -1.4445907164850003 -1.304444
-0.72352389533 -0.72352389533 -0.7048108
-0.380086309855 -0.380086309855 -0.38683072
-0.21401064867000003 -0.21401064867000003 -0.2236415
4.54860114022 4.54860114022 4.7904825
-2.6941585053200003 -2.6941585053200003 -0.3050015
-5.409180047545 -5.409180047545 -3.1784284
-3.9017999209500003 -3.9017999209500003 -2.6971745
-2.3627566581800004 -2.3627566581800004 -1.7739279
-1.376794162815 -1.376794162815 -1.0710348
-0.623537845245 -0.623537845245 -0.47652292
-0.29620788605500004 -0.29620788605500004 -0.20705746
-0.14716323950500002 -0.14716323950500002 -0.08625184
13.179925012565 13.179925012565 12.103476
4.7340992527150005 4.7340992527150005 5.2089143
-1.8044776633250001 -1.8044776633250001 -0.8070971
-2.5784145455500003 -2.5784145455500003 -1.9573752
-1.95113318364 -1.95113318364 -1.6604797
-1.27059439439 -1.27059439439 -1.1538724
-0.63076214479 -0.63076214479 -0.60764354
-0.32338278249 -0.32338278249 -0.32180914
-0.176261130905 -0.176261130905 -0.17815685
8.106640381665 8.106640381665 8.667964
2.61387769915 2.61387769915 3.721283
-0.020579482904999998 -0.020579482904999998 1.1020501
-1.4570972594800002 -1.4570972594800002 -0.70307624
-1.26218670323 -1.26218670323 -0.83370143
-0.85923609535 -0.85923609535 -0.6216188
-0.5510716560400001 -0.5510716560400001 -0.41361
-0.283856641385 -0.283856641385 -0.21555065
-0.153711866625 -0.153711866625 -0.11454728
-0.088263507645 -0.088263507645 -0.06322239
4.364454241300001 4.364454241300001 4.788541
-3.28126782687 -3.28126782687 -1.6273342
-3.3844321234700003 -3.3844321234700003 -2.5199707
-2.3035827716100004 -2.3035827716100004 -1.997508
-1.4182860682800003 -1.4182860682800003 -1.3521956
-0.6717840069900001 -0.6717840069900001 -0.702709
-0.33734482392 -0.33734482392 -0.37366715
-0.18043943037 -0.18043943037 -0.21075891
-1.2447395993550001 -1.2447395993550001 0.29338193
-3.47289803091 -3.47289803091 -2.3182826
-2.60897898874 -2.60897898874 -2.0113366
-1.5936125999500002 -1.5936125999500002 -1.3157761
-0.707883398005 -0.707883398005 -0.6221391
-0.32708807187500005 -0.32708807187500005 -0.3021088
-0.16273502749500002 -0.16273502749500002 -0.15756081
1.8205988109350002 1.8205988109350002 3.8944106
-5.797870829785001 -5.797870829785001 -3.7877884
-4.68135692222 -4.68135692222 -3.9912384
-2.893369184235 -2.893369184235 -2.8143287
-1.68834904155 -1.68834904155 -1.7821724
-0.7630207358550001 -0.7630207358550001 -0.86742216
-0.368193792545 -0.368193792545 -0.43996742
-0.19228001529 -0.19228001529 -0.23924327
10.750205344455 10.750205344455 8.777655
1.45114750891 1.45114750891 1.8864067
-3.0173354486100004 -3.0173354486100004 -2.1562445
-2.471643888405 -2.471643888405 -2.0798013
-1.5428608185350001 -1.5428608185350001 -1.4265898
-0.921786086115 -0.921786086115 -0.91430897
-0.44355811367000003 -0.44355811367000003 -0.47810984
-0.232688954515 -0.232688954515 -0.26969826
-0.13180416952500001 -0.13180416952500001 -0.16547957
4.1786799262050005 4.1786799262050005 4.435322
-3.7854946030250005 -3.7854946030250005 -2.3183007
-3.856996262295 -3.856996262295 -2.9438033
-2.6453263057200003 -2.6453263057200003 -2.213566
-1.650838496795 -1.650838496795 -1.4675822
-0.803196819485 -0.803196819485 -0.7579947
-0.41297455684 -0.41297455684 -0.40384534
-0.22695499379000003 -0.22695499379000003 -0.22758016
8.9058740089 8.9058740089 10.303092
2.964439788915 2.964439788915 4.3971415
0.16090387252000002 0.16090387252000002 1.3049232
-1.013732251335 -1.013732251335 -0.19269139
-1.3858970076100001 -1.3858970076100001 -1.0250084
-1.0497061434500001 -1.0497061434500001 -0.91194034
-0.7060712253950001 -0.7060712253950001 -0.6616113
-0.465866068245 -0.465866068245 -0.456567
-0.258271196395 -0.258271196395 -0.26333827
-0.15241883413 -0.15241883413 -0.15827453
-0.095568383785 -0.095568383785 -0.099585645
11.059243051320001 11.059243051320001 12.944965
2.899826706505 2.899826706505 5.166301
-0.8873918785850001 -0.8873918785850001 1.0314125
-2.384799804825 -2.384799804825 -0.9587278
-2.613038720625 -2.613038720625 -1.9468589
-1.9092955260800002 -1.9092955260800002 -1.6223019
-1.26580695267 -1.26580695267 -1.139651
-0.8228319625500001 -0.8228319625500001 -0.7606039
-0.43980188958500005 -0.43980188958500005 -0.41060427
-0.24596818216000002 -0.24596818216000002 -0.22700125
-0.14440281506 -0.14440281506 -0.13023506
14.059144261005002 14.059144261005002 13.256779
4.745808720165001 4.745808720165001 5.433593
0.328288292945 0.328288292945 1.3309803
-1.5364901740599999 -1.5364901740599999 -0.6391176
-2.14472453116 -2.14472453116 -1.6599023
-1.62011014364 -1.62011014364 -1.4087718
-1.076693736715 -1.076693736715 -0.9945445
-0.69634340658 -0.69634340658 -0.6668273
-0.36834491632500005 -0.36834491632500005 -0.36447677
-0.20450276799 -0.20450276799 -0.2053453
-0.119434021255 -0.119434021255 -0.12073238
11.772845523465001 11.772845523465001 10.918016
1.1846246285650002 1.1846246285650002 3.3130817
-3.05609307961 -3.05609307961 -0.47760344
-4.25913356904 -4.25913356904 -2.6431918
-3.0752597022 -3.0752597022 -2.341795
-1.9599700127750002 -1.9599700127750002 -1.6656214
-1.226130317905 -1.226130317905 -1.115008
-0.6310245372600001 -0.6310245372600001 -0.60689354
-0.348351628805 -0.348351628805 -0.34471458
-0.20737595766 -0.20737595766 -0.20702775
12.321637352835001 12.321637352835001 11.15448
3.174697075295 3.174697075295 3.9017112
-2.6134651543350005 -2.6134651543350005 -1.6096269
-2.70673900865 -2.70673900865 -2.2414675
-1.8369272942800001 -1.8369272942800001 -1.7003777
-1.1242849937400001 -1.1242849937400001 -1.1156465
-0.5310128097850001 -0.5310128097850001 -0.5632825
-0.26621753469500004 -0.26621753469500004 -0.2955301
-0.143891813995 -0.143891813995 -0.1665244
6.9514330890850005 6.9514330890850005 10.786367
0.60200819389 0.60200819389 4.097439
-2.1462629953950003 -2.1462629953950003 0.58896565
-3.113641860445 -3.113641860445 -1.7068598
-2.3761496487400002 -2.3761496487400002 -1.688582
-1.578450101155 -1.578450101155 -1.2208716
-1.012356069255 -1.012356069255 -0.80129457
-0.5254263233950001 -0.5254263233950001 -0.40246093
-0.28440508208000004 -0.28440508208000004 -0.1982348
-0.16092225102000002 -0.16092225102000002 -0.09500548
10.39899816934 10.39899816934 11.054039
-0.3680420649 -0.3680420649 3.2312376
-5.235316969575 -5.235316969575 -2.1320872
-4.133399503005 -4.133399503005 -2.4621887
-2.623574484555 -2.623574484555 -1.7608234
-1.5897298792749999 -1.5897298792749999 -1.0974028
-0.76334595654 -0.76334595654 -0.4944159
-0.39120196797 -0.39120196797 -0.21423857
-0.214744659705 -0.214744659705 -0.08842093
5.192398997530001 5.192398997530001 4.3859167
-1.128148863325 -1.128148863325 0.2558987
-3.4374870722500006 -3.4374870722500006 -2.1000679
-2.421359787305 -2.421359787305 -1.8361104
-1.4042426363500002 -1.4042426363500002 -1.2052534
-0.776829185535 -0.776829185535 -0.71468353
-0.316527470715 -0.316527470715 -0.30087075
-0.13057165480500002 -0.13057165480500002 -0.11833818
-0.05245580968000001 -0.05245580968000001 -0.04023826
8.057277489750001 8.057277489750001 7.263259
0.874447060875 0.874447060875 1.4488251
-2.2440317582200002 -2.2440317582200002 -1.3158859
-3.44040962132 -3.44040962132 -2.7233763
-2.6934001559 -2.6934001559 -2.3117676
-1.828147701045 -1.828147701045 -1.6487336
-1.1934898131 -1.1934898131 -1.1136013
-0.6319419919800001 -0.6319419919800001 -0.6112679
-0.351103625395 -0.351103625395 -0.34693384
-0.20627679208500002 -0.20627679208500002 -0.2079556
6.792000651785001 6.792000651785001 7.3704348
-1.0755408796650001 -1.0755408796650001 0.7166108
-2.0782468449050002 -2.0782468449050002 -0.878501
-1.58701928682 -1.58701928682 -0.9619979
-1.007636995555 -1.007636995555 -0.7137055
-0.45990634077500003 -0.45990634077500003 -0.37204596
-0.20493831218500003 -0.20493831218500003 -0.17848596
-0.09114517768000001 -0.09114517768000001 -0.082504
5.5279677757200005 5.5279677757200005 8.237635
-0.23280234986 -0.23280234986 2.3885536
-2.71590373648 -2.71590373648 -0.61363435
-3.41845571542 -3.41845571542 -2.3345988
-2.5353251021000003 -2.5353251021000003 -2.030206
-1.6617005316100002 -1.6617005316100002 -1.4267632
-1.058912905535 -1.058912905535 -0.9451289
-0.551353135895 -0.551353135895 -0.5061077
-0.30344347525000004 -0.30344347525000004 -0.28124213
-0.17646578863 -0.17646578863 -0.16379753
9.874063628350001 9.874063628350001 10.469128
0.844822494175 0.844822494175 3.3286002
-4.18061736142 -4.18061736142 -1.915577
-3.69373408691 -3.69373408691 -2.4757838
-2.486518763675 -2.486518763675 -1.930819
-1.56240055093 -1.56240055093 -1.3236506
-0.776446335125 -0.776446335125 -0.70716304
-0.4067469758600001 -0.4067469758600001 -0.38273832
-0.22744189276500001 -0.22744189276500001 -0.21623215
7.719568640255 7.719568640255 7.103929
-1.171393683865 -1.171393683865 -0.533813
-2.5769997686200004 -2.5769997686200004 -1.9515011
-2.003144995015 -2.003144995015 -1.6177176
-1.268917513795 -1.268917513795 -1.062252
-0.58862801577 -0.58862801577 -0.5048301
-0.28167608487 -0.28167608487 -0.24059284
-0.144909300265 -0.144909300265 -0.12081752
3.40488497851 3.40488497851 3.3532577
-3.577724610325 -3.577724610325 -2.0941625
-3.1146331967350003 -3.1146331967350003 -2.320076
-1.9184329487100003 -1.9184329487100003 -1.6058602
-0.83863327175 -0.83863327175 -0.76524353
-0.38399392027 -0.38399392027 -0.35860404
-0.190787602325 -0.190787602325 -0.17744347
12.400734163525 12.400734163525 15.368332
2.2512566091200004 2.2512566091200004 6.0039415
-2.2379373951100003 -2.2379373951100003 1.0427833
-3.85074234755 -3.85074234755 -1.3691622
-3.7419936387050003 -3.7419936387050003 -2.621534
-2.63999218239 -2.63999218239 -2.2498922
-1.7224916474150003 -1.7224916474150003 -1.6423206
-1.113049350275 -1.113049350275 -1.1427186
-0.59770625963 -0.59770625963 -0.6581758
-0.34004031975000004 -0.34004031975000004 -0.39100635
-0.20467668111 -0.20467668111 -0.24228072
6.28066160617 6.28066160617 8.249332
-0.45335921019000003 -0.45335921019000003 2.3497856
-3.758375130895 -3.758375130895 -1.8708086
-3.089018241125 -3.089018241125 -2.2573225
-2.0427510038300003 -2.0427510038300003 -1.7693936
-1.2848668224300002 -1.2848668224300002 -1.2426907
-0.6495282211000001 -0.6495282211000001 -0.70098317
-0.34812061106000003 -0.34812061106000003 -0.40439755
-0.198973753795 -0.198973753795 -0.24441606
2.1317743574300003 2.1317743574300003 2.6733675
-2.1023030411650003 -2.1023030411650003 -1.4559805
-2.059948422655 -2.059948422655 -1.7707897
-1.3487358118850001 -1.3487358118850001 -1.2713982
-0.6205994906650001 -0.6205994906650001 -0.63563687
-0.29465285491500004 -0.29465285491500004 -0.3153805
-0.15175823207500003 -0.15175823207500003 -0.16550359
3.3298450641650006 3.3298450641650006 8.522341
-4.12211124452 -4.12211124452 -0.7065395
-3.6283405221150002 -3.6283405221150002 -2.1049418
-2.290414707635 -2.290414707635 -1.6636136
-1.34448368336 -1.34448368336 -1.0739356
-0.6160716058750001 -0.6160716058750001 -0.51270795
-0.30238109293000004 -0.30238109293000004 -0.24926464
-0.159527086575 -0.159527086575 -0.12782374
5.758819510355 5.758819510355 6.259868
0.8670028494500001 0.8670028494500001 2.0023856
-1.9763585675600002 -1.9763585675600002 -0.95789015
-1.8381672916750003 -1.8381672916750003 -1.20465
-1.264004835725 -1.264004835725 -0.8857834
-0.8048690266900002 -0.8048690266900002 -0.56645846
-0.40262257791 -0.40262257791 -0.26474604
-0.20893503207000003 -0.20893503207000003 -0.11668237
-0.114047282905 -0.114047282905 -0.047657184
13.65576955611 13.65576955611 13.93
4.674766785945001 4.674766785945001 6.2213087
0.31347522194500005 0.31347522194500005 2.007864
-2.1414787042750003 -2.1414787042750003 -1.0794268
-1.9006578411200004 -1.9006578411200004 -1.4143751
-1.3006109219850002 -1.3006109219850002 -1.1097323
-0.8372021904650001 -0.8372021904650001 -0.76833916
-0.43565966449000004 -0.43565966449000004 -0.42119688
-0.24000099827000002 -0.24000099827000002 -0.23386581
-0.14104957897 -0.14104957897 -0.13534701
9.148365398940001 9.148365398940001 8.336136
0.7659468818599999 0.7659468818599999 1.6936831
-3.7198823078250003 -3.7198823078250003 -2.6375127
-3.23486101166 -3.23486101166 -2.6879227
-2.1575146806650003 -2.1575146806650003 -1.9363012
-1.346464491835 -1.346464491835 -1.2675614
-0.6621705549550001 -0.6621705549550001 -0.64811516
-0.34293677135000006 -0.34293677135000006 -0.33993635
-0.18907934700500004 -0.18907934700500004 -0.18795457
9.0262342803 9.0262342803 9.766417
1.436570759165 1.436570759165 2.987942
-2.737320386315 -2.737320386315 -1.6128502
-2.456116733915 -2.456116733915 -1.9259069
-1.6330693228350002 -1.6330693228350002 -1.4034269
-1.0178662061050001 -1.0178662061050001 -0.9116846
-0.5052925716250001 -0.5052925716250001 -0.46079972
-0.26648909016000005 -0.26648909016000005 -0.23979075
-0.14991135035500003 -0.14991135035500003 -0.13088042
