4.50855864203 4.50855864203 5.1335278
-0.9155862829250001 -0.9155862829250001 0.47889614
-3.49672449592 -3.49672449592 -2.5116367
-2.810828925275 -2.810828925275 -2.4183092
-1.8440283266000002 -1.8440283266000002 -1.7542411
-1.15223107829 -1.15223107829 -1.1763357
-0.5745386113350001 -0.5745386113350001 -0.6331981
-0.30221455746500003 -0.30221455746500003 -0.35269353
-0.16870475812000002 -0.16870475812000002 -0.20625821
10.796644138255001 10.796644138255001 12.066284
2.6612056972900002 2.6612056972900002 5.246198
-0.9562658849450001 -0.9562658849450001 1.5524706
-2.554084955975 -2.554084955975 -1.1192629
-2.0135116767450003 -2.0135116767450003 -1.3745633
-1.3293919680450001 -1.3293919680450001 -1.0710504
-0.8461697169900001 -0.8461697169900001 -0.7440213
-0.43940725067999997 -0.43940725067999997 -0.40893397
-0.24229211459 -0.24229211459 -0.22779945
-0.14192061485000002 -0.14192061485000002 -0.13168964
4.81590508056 4.81590508056 5.9154296
-0.25957097642500004 -0.25957097642500004 1.5347922
-2.97111997984 -2.97111997984 -1.6001236
-2.54036138871 -2.54036138871 -1.8150035
-1.7259195789800001 -1.7259195789800001 -1.3732985
-1.106438026215 -1.106438026215 -0.9283114
-0.56868387761 -0.56868387761 -0.4888541
-0.30663847245500003 -0.30663847245500003 -0.25957036
-0.17484086668 -0.17484086668 -0.14247943
6.53225943794 6.53225943794 7.6596165
-2.3588027076900002 -2.3588027076900002 -0.64905167
-2.9346178108700003 -2.9346178108700003 -2.1138725
-2.05502185569 -2.05502185569 -1.781615
-1.277747910455 -1.277747910455 -1.2264488
-0.61472165254 -0.61472165254 -0.64590466
-0.312881596395 -0.312881596395 -0.3469851
-0.171311695835 -0.171311695835 -0.19687729
5.3897036947200005 5.3897036947200005 4.737917
-1.3923710442750001 -1.3923710442750001 -0.551317
-1.9737909860900003 -1.9737909860900003 -1.45891
-1.4002748232200002 -1.4002748232200002 -1.212184
-0.8672395382750001 -0.8672395382750001 -0.82862645
-0.41028349810500003 -0.41028349810500003 -0.4330717
-0.204645726465 -0.204645726465 -0.2321424
-0.10964930785500002 -0.10964930785500002 -0.13342632
12.776554377195 12.776554377195 14.351341
2.201013702115 2.201013702115 5.2625675
-3.65988913398 -3.65988913398 -1.5394325
-3.3186262239000004 -3.3186262239000004 -2.4039972
-2.2014552324500003 -2.2014552324500003 -1.8779827
-1.3624955322849999 -1.3624955322849999 -1.2625045
-0.66769662859 -0.66769662859 -0.6540559
-0.346941000165 -0.346941000165 -0.3452536
-0.19220361324000002 -0.19220361324000002 -0.19087447
-1.5183038344050002 -1.5183038344050002 2.414162
-3.942367072805 -3.942367072805 -1.844871
-2.9170696515000003 -2.9170696515000003 -2.1201446
-1.8035415675550002 -1.8035415675550002 -1.5667211
-0.839406560265 -0.839406560265 -0.8306802
-0.41080452858 -0.41080452858 -0.43112576
-0.21605746221500002 -0.21605746221500002 -0.23327576
7.81854886129 7.81854886129 7.268385
2.43146163485 2.43146163485 3.1744957
-1.28457817496 -1.28457817496 -0.36474156
-1.4905538747050002 -1.4905538747050002 -1.0387954
-1.035976169965 -1.035976169965 -0.8948729
-0.638542840295 -0.638542840295 -0.63621724
-0.300040958525 -0.300040958525 -0.3585618
-0.147129108005 -0.147129108005 -0.2103148
-0.076643202175 -0.076643202175 -0.13307153
12.272764457985 12.272764457985 14.349325
4.210083479195 4.210083479195 6.9675016
-1.577737015355 -1.577737015355 0.4533882
-2.110880602175 -2.110880602175 -1.0286415
-1.520699760685 -1.520699760685 -0.99353844
-0.94903386643 -0.94903386643 -0.6864554
-0.44597365243500003 -0.44597365243500003 -0.336784
-0.21791111772500002 -0.21791111772500002 -0.16083218
-0.11341078294000001 -0.11341078294000001 -0.07924008
8.599993885865 8.599993885865 8.029472
1.66337386778 1.66337386778 2.4574974
-1.4819992868200003 -1.4819992868200003 -0.4084493
-2.88561778931 -2.88561778931 -2.159875
-2.3126275666000002 -2.3126275666000002 -1.975421
-1.567216006735 -1.567216006735 -1.4364462
-1.0127061534250001 -1.0127061534250001 -0.9700382
-0.523709876515 -0.523709876515 -0.5198984
-0.28034059804 -0.28034059804 -0.2846041
-0.15712302124500002 -0.15712302124500002 -0.16104758
11.463522057180002 11.463522057180002 12.951582
4.439779915065 4.439779915065 6.441478
0.8195884723600001 0.8195884723600001 2.660644
-0.8626844007950001 -0.8626844007950001 0.6106461
-1.626406066385 -1.626406066385 -0.8358352
-1.308684597035 -1.308684597035 -0.92462677
-0.8948201532250001 -0.8948201532250001 -0.7132391
-0.587429658805 -0.587429658805 -0.50006723
-0.315025999775 -0.315025999775 -0.28365707
-0.17665871037 -0.17665871037 -0.16390237
-0.10390295477 -0.10390295477 -0.098025896
10.649685714005 10.649685714005 7.915562
2.8735539056150006 2.8735539056150006 2.4763498
-0.7048738923750001 -0.7048738923750001 -0.31760573
-2.4894552016400002 -2.4894552016400002 -2.0469794
-2.07892209725 -2.07892209725 -1.9047533
-1.4261498608600003 -1.4261498608600003 -1.4104162
-0.92826952207 -0.92826952207 -0.97361565
-0.48726830408500005 -0.48726830408500005 -0.543834
-0.26640827727 -0.26640827727 -0.30935803
-0.15319892269000002 -0.15319892269000002 -0.18314236
11.200600050085 11.200600050085 9.914461
2.468241502955 2.468241502955 3.3033395
-2.906927581295 -2.906927581295 -1.6663122
-2.90361847986 -2.90361847986 -2.2676404
-2.018361395325 -2.018361395325 -1.8016762
-1.281771226655 -1.281771226655 -1.2535003
-0.6374162907550001 -0.6374162907550001 -0.68456113
-0.3319178104 -0.3319178104 -0.3783602
-0.18346715697000002 -0.18346715697000002 -0.21808349
10.9197238763 10.9197238763 12.957795
4.29970704835 4.29970704835 6.7278967
0.9799042853900001 0.9799042853900001 3.0712733
-0.521648018855 -0.521648018855 1.0557243
-1.179845850995 -1.179845850995 -0.44134697
-0.9225942412700001 -0.9225942412700001 -0.6248674
-0.60446025336 -0.60446025336 -0.50052273
-0.38121451346 -0.38121451346 -0.3540259
-0.19436726153500003 -0.19436726153500003 -0.20381145
-0.10482776089000001 -0.10482776089000001 -0.12129429
-0.059616729655000006 -0.059616729655000006 -0.07600994
5.22657528856 5.22657528856 6.905755
-1.08157036667 -1.08157036667 0.8979621
-1.5193457115700002 -1.5193457115700002 -0.55421704
-1.013242438055 -1.013242438055 -0.62991667
-0.57453322906 -0.57453322906 -0.4275753
-0.22592288348500003 -0.22592288348500003 -0.18088637
-0.087129501685 -0.087129501685 -0.063060895
-0.03228220282 -0.03228220282 -0.014325441
8.49489126138 8.49489126138 10.455794
1.181101575135 1.181101575135 3.8671453
-3.0509695476350003 -3.0509695476350003 -1.1733195
-2.8026870397350003 -2.8026870397350003 -1.8782126
-1.9134388276300003 -1.9134388276300003 -1.5116571
-1.214299499845 -1.214299499845 -1.0473484
-0.61258134494 -0.61258134494 -0.5669274
-0.32550783593500004 -0.32550783593500004 -0.3120889
-0.18428161332500004 -0.18428161332500004 -0.18002555
5.305453053785 5.305453053785 7.3883114
-0.1415995162 -0.1415995162 2.4215748
-3.07923113852 -3.07923113852 -1.2520926
-2.65519603281 -2.65519603281 -1.662447
-1.78305376711 -1.78305376711 -1.2800305
-1.11070863826 -1.11070863826 -0.8484863
-0.5320109723750001 -0.5320109723750001 -0.4165347
-0.262527604485 -0.262527604485 -0.1984313
-0.13621991921 -0.13621991921 -0.09468703
14.46520543001 14.46520543001 10.879192
4.062440797135 4.062440797135 3.919021
-2.48903680196 -2.48903680196 -1.3083177
-2.77193678991 -2.77193678991 -1.9852831
-1.9783782859450003 -1.9783782859450003 -1.5752897
-1.279363800685 -1.279363800685 -1.0827651
-0.655269008125 -0.655269008125 -0.5815575
-0.351500023385 -0.351500023385 -0.31782147
-0.20051670763500004 -0.20051670763500004 -0.18279321
8.58703927504 8.58703927504 13.402934
0.76263864684 0.76263864684 5.5460305
-3.8259791566500003 -3.8259791566500003 -1.0476679
-3.47506837423 -3.47506837423 -2.245364
-2.30485120317 -2.30485120317 -1.843024
-1.3812779129500001 -1.3812779129500001 -1.230655
-0.6236037978050001 -0.6236037978050001 -0.6088992
-0.299172443125 -0.299172443125 -0.30867246
-0.15615090361500003 -0.15615090361500003 -0.16929637
5.94271249717 5.94271249717 6.536023
-2.22542725518 -2.22542725518 -0.4454044
-3.02850705613 -3.02850705613 -1.9387345
-2.2375376364800004 -2.2375376364800004 -1.7504133
-1.4445907164850003 -1.4445907164850003 -1.2633821
-0.72352389533 -0.72352389533 -0.6970478
-0.380086309855 -0.380086309855 -0.3855212
-0.21401064867000003 -0.21401064867000003 -0.22343606
4.54860114022 4.54860114022 4.647107
-2.6941585053200003 -2.6941585053200003 -0.051740646
-5.409180047545 -5.409180047545 -2.8848627
-3.9017999209500003 -3.9017999209500003 -2.547114
-2.3627566581800004 -2.3627566581800004 -1.7137482
-1.376794162815 -1.376794162815 -1.0498712
-0.623537845245 -0.623537845245 -0.47277117
-0.29620788605500004 -0.29620788605500004 -0.20648071
-0.14716323950500002 -0.14716323950500002 -0.086172156
13.179925012565 13.179925012565 10.975439
4.7340992527150005 4.7340992527150005 4.6912794
-1.8044776633250001 -1.8044776633250001 -0.8521272
-2.5784145455500003 -2.5784145455500003 -1.9263241
-1.95113318364 -1.95113318364 -1.6381167
-1.27059439439 -1.27059439439 -1.1441666
-0.63076214479 -0.63076214479 -0.6056903
-0.32338278249 -0.32338278249 -0.32149208
-0.176261130905 -0.176261130905 -0.17811106
8.106640381665 8.106640381665 8.780685
2.61387769915 2.61387769915 4.0478606
-0.020579482904999998 -0.020579482904999998 1.4402268
-1.4570972594800002 -1.4570972594800002 -0.50234413
-1.26218670323 -1.26218670323 -0.74580204
-0.85923609535 -0.85923609535 -0.5883913
-0.5510716560400001 -0.5510716560400001 -0.40212092
-0.283856641385 -0.283856641385 -0.21345113
-0.153711866625 -0.153711866625 -0.114194065
-0.088263507645 -0.088263507645 -0.06316599
4.364454241300001 4.364454241300001 5.391121
-3.28126782687 -3.28126782687 -1.0754817
-3.3844321234700003 -3.3844321234700003 -2.2369676
-2.3035827716100004 -2.3035827716100004 -1.8822823
-1.4182860682800003 -1.4182860682800003 -1.3115225
-0.6717840069900001 -0.6717840069900001 -0.6955927
-0.33734482392 -0.33734482392 -0.3725944
-0.18043943037 -0.18043943037 -0.21061254
-1.2447395993550001 -1.2447395993550001 0.98299456
-3.47289803091 -3.47289803091 -1.9397706
-2.60897898874 -2.60897898874 -1.8616867
-1.5936125999500002 -1.5936125999500002 -1.2672281
-0.707883398005 -0.707883398005 -0.61513495
-0.32708807187500005 -0.32708807187500005 -0.30128017
-0.16273502749500002 -0.16273502749500002 -0.15747462
1.8205988109350002 1.8205988109350002 4.110205
-5.797870829785001 -5.797870829785001 -3.3569024
-4.68135692222 -4.68135692222 -3.76151
-2.893369184235 -2.893369184235 -2.722312
-1.68834904155 -1.68834904155 -1.7504954
-0.7630207358550001 -0.7630207358550001 -0.8621248
-0.368193792545 -0.368193792545 -0.43921542
-0.19228001529 -0.19228001529 -0.23914835
10.750205344455 10.750205344455 9.458166
1.45114750891 1.45114750891 2.5896585
-3.0173354486100004 -3.0173354486100004 -1.7868311
-2.471643888405 -2.471643888405 -1.9420805
-1.5428608185350001 -1.5428608185350001 -1.3829508
-0.921786086115 -0.921786086115 -0.9017726
-0.44355811367000003 -0.44355811367000003 -0.47639275
-0.232688954515 -0.232688954515 -0.26948357
-0.13180416952500001 -0.13180416952500001 -0.16545425
4.1786799262050005 4.1786799262050005 4.810426
-3.7854946030250005 -3.7854946030250005 -1.8969183
-3.856996262295 -3.856996262295 -2.727925
-2.6453263057200003 -2.6453263057200003 -2.1274805
-1.650838496795 -1.650838496795 -1.4376338
-0.803196819485 -0.803196819485 -0.7527449
-0.41297455684 -0.41297455684 -0.40303132
-0.22695499379000003 -0.22695499379000003 -0.2274638
8.9058740089 8.9058740089 10.824976
2.964439788915 2.964439788915 5.0075026
0.16090387252000002 0.16090387252000002 1.8270849
-1.013732251335 -1.013732251335 0.19766617
-1.3858970076100001 -1.3858970076100001 -0.8478211
-1.0497061434500001 -1.0497061434500001 -0.8430903
-0.7060712253950001 -0.7060712253950001 -0.6372022
-0.465866068245 -0.465866068245 -0.44842514
-0.258271196395 -0.258271196395 -0.26188666
-0.15241883413 -0.15241883413 -0.1580316
-0.095568383785 -0.095568383785 -0.09954668
11.059243051320001 11.059243051320001 12.845419
2.899826706505 2.899826706505 5.492637
-0.8873918785850001 -0.8873918785850001 1.4407501
-2.384799804825 -2.384799804825 -0.60266256
-2.613038720625 -2.613038720625 -1.7619705
-1.9092955260800002 -1.9092955260800002 -1.5456953
-1.26580695267 -1.26580695267 -1.1112987
-0.8228319625500001 -0.8228319625500001 -0.750793
-0.43980188958500005 -0.43980188958500005 -0.40876117
-0.24596818216000002 -0.24596818216000002 -0.22667739
-0.14440281506 -0.14440281506 -0.13018094
14.059144261005002 14.059144261005002 13.781288
4.745808720165001 4.745808720165001 6.130764
0.328288292945 0.328288292945 1.955778
-1.5364901740599999 -1.5364901740599999 -0.1589067
-2.14472453116 -2.14472453116 -1.4338372
-1.62011014364 -1.62011014364 -1.3186094
-1.076693736715 -1.076693736715 -0.9619024
-0.69634340658 -0.69634340658 -0.65574473
-0.36834491632500005 -0.36834491632500005 -0.36245683
-0.20450276799 -0.20450276799 -0.20500115
-0.119434021255 -0.119434021255 -0.12067636
11.772845523465001 11.772845523465001 10.291349
1.1846246285650002 1.1846246285650002 3.4004197
-3.05609307961 -3.05609307961 -0.17293811
-4.25913356904 -4.25913356904 -2.3881617
-3.0752597022 -3.0752597022 -2.2166748
-1.9599700127750002 -1.9599700127750002 -1.6149282
-1.226130317905 -1.226130317905 -1.0965468
-0.6310245372600001 -0.6310245372600001 -0.60331625
-0.348351628805 -0.348351628805 -0.34408766
-0.20737595766 -0.20737595766 -0.20692508
12.321637352835001 12.321637352835001 10.086382
3.174697075295 3.174697075295 3.60531
-2.6134651543350005 -2.6134651543350005 -1.4620848
-2.70673900865 -2.70673900865 -2.1166437
-1.8369272942800001 -1.8369272942800001 -1.6423172
-1.1242849937400001 -1.1242849937400001 -1.0943471
-0.5310128097850001 -0.5310128097850001 -0.55958694
-0.26621753469500004 -0.26621753469500004 -0.2949946
-0.143891813995 -0.143891813995 -0.16645488
6.9514330890850005 6.9514330890850005 11.394209
0.60200819389 0.60200819389 4.798994
-2.1462629953950003 -2.1462629953950003 1.1984915
-3.113641860445 -3.113641860445 -1.3775492
-2.3761496487400002 -2.3761496487400002 -1.5456958
-1.578450101155 -1.578450101155 -1.1659385
-1.012356069255 -1.012356069255 -0.78177375
-0.5254263233950001 -0.5254263233950001 -0.39872032
-0.28440508208000004 -0.28440508208000004 -0.19757576
-0.16092225102000002 -0.16092225102000002 -0.094896056
10.39899816934 10.39899816934 11.307926
-0.3680420649 -0.3680420649 3.847934
-5.235316969575 -5.235316969575 -1.6425124
-4.133399503005 -4.133399503005 -2.2286742
-2.623574484555 -2.623574484555 -1.6701162
-1.5897298792749999 -1.5897298792749999 -1.0662884
-0.76334595654 -0.76334595654 -0.4890586
-0.39120196797 -0.39120196797 -0.2134237
-0.214744659705 -0.214744659705 -0.08830657
5.192398997530001 5.192398997530001 4.188462
-1.128148863325 -1.128148863325 0.43303514
-3.4374870722500006 -3.4374870722500006 -1.8679488
-2.421359787305 -2.421359787305 -1.7150286
-1.4042426363500002 -1.4042426363500002 -1.1559949
-0.776829185535 -0.776829185535 -0.6972609
-0.316527470715 -0.316527470715 -0.2978099
-0.13057165480500002 -0.13057165480500002 -0.11787837
-0.05245580968000001 -0.05245580968000001 -0.040176455
8.057277489750001 8.057277489750001 6.9513245
0.874447060875 0.874447060875 1.4393959
-2.2440317582200002 -2.2440317582200002 -1.2317469
-3.44040962132 -3.44040962132 -2.641826
-2.6934001559 -2.6934001559 -2.2686422
-1.828147701045 -1.828147701045 -1.6298269
-1.1934898131 -1.1934898131 -1.1061964
-0.6319419919800001 -0.6319419919800001 -0.6097114
-0.351103625395 -0.351103625395 -0.34664866
-0.20627679208500002 -0.20627679208500002 -0.20790817
6.792000651785001 6.792000651785001 7.0192747
-1.0755408796650001 -1.0755408796650001 0.7261622
-2.0782468449050002 -2.0782468449050002 -0.8331624
-1.58701928682 -1.58701928682 -0.93403727
-1.007636995555 -1.007636995555 -0.7007677
-0.45990634077500003 -0.45990634077500003 -0.36880377
-0.20493831218500003 -0.20493831218500003 -0.17778435
-0.09114517768000001 -0.09114517768000001 -0.082364775
5.5279677757200005 5.5279677757200005 8.660237
-0.23280234986 -0.23280234986 2.992374
-2.71590373648 -2.71590373648 -0.055249095
-3.41845571542 -3.41845571542 -2.0252566
-2.5353251021000003 -2.5353251021000003 -1.8995162
-1.6617005316100002 -1.6617005316100002 -1.3790914
-1.058912905535 -1.058912905535 -0.9293037
-0.551353135895 -0.551353135895 -0.50341576
-0.30344347525000004 -0.30344347525000004 -0.2808254
-0.17646578863 -0.17646578863 -0.16373694
9.874063628350001 9.874063628350001 10.493189
0.844822494175 0.844822494175 3.6719768
-4.18061736142 -4.18061736142 -1.58592
-3.69373408691 -3.69373408691 -2.3029177
-2.486518763675 -2.486518763675 -1.8567388
-1.56240055093 -1.56240055093 -1.295183
-0.776446335125 -0.776446335125 -0.7011837
-0.4067469758600001 -0.4067469758600001 -0.38160092
-0.22744189276500001 -0.22744189276500001 -0.21602966
7.719568640255 7.719568640255 8.445493
-1.171393683865 -1.171393683865 0.31611776
-2.5769997686200004 -2.5769997686200004 -1.5606401
-2.003144995015 -2.003144995015 -1.4702412
-1.268917513795 -1.268917513795 -1.0139496
-0.58862801577 -0.58862801577 -0.49732783
-0.28167608487 -0.28167608487 -0.23959436
-0.144909300265 -0.144909300265 -0.12069729
3.40488497851 3.40488497851 3.4621947
-3.577724610325 -3.577724610325 -1.8861434
-3.1146331967350003 -3.1146331967350003 -2.2164254
-1.9184329487100003 -1.9184329487100003 -1.566951
-0.83863327175 -0.83863327175 -0.7583792
-0.38399392027 -0.38399392027 -0.35762802
-0.190787602325 -0.190787602325 -0.17732488
12.400734163525 12.400734163525 15.204916
2.2512566091200004 2.2512566091200004 6.347201
-2.2379373951100003 -2.2379373951100003 1.4994767
-3.85074234755 -3.85074234755 -0.9576993
-3.7419936387050003 -3.7419936387050003 -2.3919892
-2.63999218239 -2.63999218239 -2.1469395
-1.7224916474150003 -1.7224916474150003 -1.6009616
-1.113049350275 -1.113049350275 -1.1271961
-0.59770625963 -0.59770625963 -0.6548934
-0.34004031975000004 -0.34004031975000004 -0.3903581
-0.20467668111 -0.20467668111 -0.24215859
6.28066160617 6.28066160617 8.266972
-0.45335921019000003 -0.45335921019000003 2.5894718
-3.758375130895 -3.758375130895 -1.646977
-3.089018241125 -3.089018241125 -2.1426697
-2.0427510038300003 -2.0427510038300003 -1.7212744
-1.2848668224300002 -1.2848668224300002 -1.2245612
-0.6495282211000001 -0.6495282211000001 -0.6972894
-0.34812061106000003 -0.34812061106000003 -0.40371826
-0.198973753795 -0.198973753795 -0.24429971
2.1317743574300003 2.1317743574300003 3.1493635
-2.1023030411650003 -2.1023030411650003 -1.1283541
-2.059948422655 -2.059948422655 -1.6303401
-1.3487358118850001 -1.3487358118850001 -1.2236193
-0.6205994906650001 -0.6205994906650001 -0.62824273
-0.29465285491500004 -0.29465285491500004 -0.31442174
-0.15175823207500003 -0.15175823207500003 -0.16539136
3.3298450641650006 3.3298450641650006 9.317112
-4.12211124452 -4.12211124452 -0.03957379
-3.6283405221150002 -3.6283405221150002 -1.791451
-2.290414707635 -2.290414707635 -1.5463701
-1.34448368336 -1.34448368336 -1.0355489
-0.6160716058750001 -0.6160716058750001 -0.5065696
-0.30238109293000004 -0.30238109293000004 -0.24839808
-0.159527086575 -0.159527086575 -0.12771104
5.758819510355 5.758819510355 6.1640406
0.8670028494500001 0.8670028494500001 2.13528
-1.9763585675600002 -1.9763585675600002 -0.8022774
-1.8381672916750003 -1.8381672916750003 -1.1257007
-1.264004835725 -1.264004835725 -0.854138
-0.8048690266900002 -0.8048690266900002 -0.55522025
-0.40262257791 -0.40262257791 -0.2626672
-0.20893503207000003 -0.20893503207000003 -0.11633524
-0.114047282905 -0.114047282905 -0.04760297
13.65576955611 13.65576955611 13.976572
4.674766785945001 4.674766785945001 6.596408
0.31347522194500005 0.31347522194500005 2.4289565
-2.1414787042750003 -2.1414787042750003 -0.8125094
-1.9006578411200004 -1.9006578411200004 -1.2921848
-1.3006109219850002 -1.3006109219850002 -1.0616554
-0.8372021904650001 -0.8372021904650001 -0.75105906
-0.43565966449000004 -0.43565966449000004 -0.4178514
-0.24000099827000002 -0.24000099827000002 -0.23326883
-0.14104957897 -0.14104957897 -0.13524564
9.148365398940001 9.148365398940001 9.080137
0.7659468818599999 0.7659468818599999 2.413687
-3.7198823078250003 -3.7198823078250003 -2.2389193
-3.23486101166 -3.23486101166 -2.519637
-2.1575146806650003 -2.1575146806650003 -1.8736393
-1.346464491835 -1.346464491835 -1.2459483
-0.6621705549550001 -0.6621705549550001 -0.6441636
-0.34293677135000006 -0.34293677135000006 -0.33928052
-0.18907934700500004 -0.18907934700500004 -0.1878537
9.0262342803 9.0262342803 9.657326
1.436570759165 1.436570759165 3.231478
-2.737320386315 -2.737320386315 -1.3559704
-2.456116733915 -2.456116733915 -1.802211
-1.6330693228350002 -1.6330693228350002 -1.3568252
-1.0178662061050001 -1.0178662061050001 -0.89631474
-0.5052925716250001 -0.5052925716250001 -0.45830113
-0.26648909016000005 -0.26648909016000005 -0.23942964
-0.14991135035500003 -0.14991135035500003 -0.13083205
